scheme_id,jurisdiction,year,ipcc_code,cf_co2,source,comment
fra_tax,France,2014,0,NA,,
fra_tax,France,2014,1,NA,,
fra_tax,France,2014,1A,NA,,
fra_tax,France,2014,1A1,NA,,
fra_tax,France,2014,1A1A,NA,,
fra_tax,France,2014,1A1A1,NA,,
fra_tax,France,2014,1A1A2,NA,,
fra_tax,France,2014,1A1A3,NA,,
fra_tax,France,2014,1A1B,1,,
fra_tax,France,2014,1A1C,1,,
fra_tax,France,2014,1A2,NA,,
fra_tax,France,2014,1A2A,NA,,
fra_tax,France,2014,1A2B,NA,,
fra_tax,France,2014,1A2C,NA,,
fra_tax,France,2014,1A2D,NA,,
fra_tax,France,2014,1A2E,NA,,
fra_tax,France,2014,1A2F,NA,,
fra_tax,France,2014,1A2G,NA,,
fra_tax,France,2014,1A2H,NA,,
fra_tax,France,2014,1A2I,NA,,
fra_tax,France,2014,1A2J,NA,,
fra_tax,France,2014,1A2K,NA,,
fra_tax,France,2014,1A2L,NA,,
fra_tax,France,2014,1A2M,NA,,
fra_tax,France,2014,1A3,NA,,
fra_tax,France,2014,1A3A,NA,,
fra_tax,France,2014,1A3A1,NA,,
fra_tax,France,2014,1A3A2,NA,,
fra_tax,France,2014,1A3B,NA,,
fra_tax,France,2014,1A3C,NA,,
fra_tax,France,2014,1A3D,NA,,
fra_tax,France,2014,1A3D1,NA,,
fra_tax,France,2014,1A3D2,NA,,
fra_tax,France,2014,1A3E,NA,,
fra_tax,France,2014,1A3E1,NA,,
fra_tax,France,2014,1A4,NA,,
fra_tax,France,2014,1A4A,1,,
fra_tax,France,2014,1A4B,1,,
fra_tax,France,2014,1A4C,NA,,
fra_tax,France,2014,1A4C1,NA,,
fra_tax,France,2014,1A4C2,NA,,
fra_tax,France,2014,1A4C3,NA,,
fra_tax,France,2014,1A5,NA,,
fra_tax,France,2014,1A5A,NA,,
fra_tax,France,2014,1A5B,NA,,
fra_tax,France,2014,1A5C,NA,,
fra_tax,France,2014,1B,NA,,
fra_tax,France,2014,1B1,NA,,
fra_tax,France,2014,1B1A,NA,,
fra_tax,France,2014,1B1A1,NA,,
fra_tax,France,2014,1B1A11,NA,,
fra_tax,France,2014,1B1A12,NA,,
fra_tax,France,2014,1B1A13,NA,,
fra_tax,France,2014,1B1A14,NA,,
fra_tax,France,2014,1B1A2,NA,,
fra_tax,France,2014,1B1A21,NA,,
fra_tax,France,2014,1B1A22,NA,,
fra_tax,France,2014,1B1B,NA,,
fra_tax,France,2014,1B2,NA,,
fra_tax,France,2014,1B2A,NA,,
fra_tax,France,2014,1B2A1,NA,,
fra_tax,France,2014,1B2A2,NA,,
fra_tax,France,2014,1B2A3,NA,,
fra_tax,France,2014,1B2A31,NA,,
fra_tax,France,2014,1B2A32,NA,,
fra_tax,France,2014,1B2A33,NA,,
fra_tax,France,2014,1B2A34,NA,,
fra_tax,France,2014,1B2A35,NA,,
fra_tax,France,2014,1B2A36,NA,,
fra_tax,France,2014,1B2B,NA,,
fra_tax,France,2014,1B2B1,NA,,
fra_tax,France,2014,1B2B2,NA,,
fra_tax,France,2014,1B2B3,NA,,
fra_tax,France,2014,1B2B31,NA,,
fra_tax,France,2014,1B2B32,NA,,
fra_tax,France,2014,1B2B33,NA,,
fra_tax,France,2014,1B2B34,NA,,
fra_tax,France,2014,1B2B35,NA,,
fra_tax,France,2014,1B2B36,NA,,
fra_tax,France,2014,1B3,NA,,
fra_tax,France,2014,1C,NA,,
fra_tax,France,2014,1C1,NA,,
fra_tax,France,2014,1C1A,NA,,
fra_tax,France,2014,1C1B,NA,,
fra_tax,France,2014,1C1C,NA,,
fra_tax,France,2014,1C2,NA,,
fra_tax,France,2014,1C2A,NA,,
fra_tax,France,2014,1C2B,NA,,
fra_tax,France,2014,1C3,NA,,
fra_tax,France,2014,2,NA,,
fra_tax,France,2014,20,NA,,
fra_tax,France,2014,200,NA,,
fra_tax,France,2014,2000,NA,,
fra_tax,France,2014,20000,NA,,
fra_tax,France,2014,200000,NA,,
fra_tax,France,2014,2A,NA,,
fra_tax,France,2014,2A1,NA,,
fra_tax,France,2014,2A2,NA,,
fra_tax,France,2014,2A3,NA,,
fra_tax,France,2014,2A4,NA,,
fra_tax,France,2014,2A4A,NA,,
fra_tax,France,2014,2A4B,NA,,
fra_tax,France,2014,2A4C,NA,,
fra_tax,France,2014,2A4D,NA,,
fra_tax,France,2014,2B,NA,,
fra_tax,France,2014,2B1,NA,,
fra_tax,France,2014,2B10,NA,,
fra_tax,France,2014,2B2,NA,,
fra_tax,France,2014,2B3,NA,,
fra_tax,France,2014,2B4,NA,,
fra_tax,France,2014,2B5,NA,,
fra_tax,France,2014,2B6,NA,,
fra_tax,France,2014,2B7,NA,,
fra_tax,France,2014,2B8,NA,,
fra_tax,France,2014,2B8A,NA,,
fra_tax,France,2014,2B8B,NA,,
fra_tax,France,2014,2B8C,NA,,
fra_tax,France,2014,2B8D,NA,,
fra_tax,France,2014,2B8E,NA,,
fra_tax,France,2014,2B8F,NA,,
fra_tax,France,2014,2B9,NA,,
fra_tax,France,2014,2B9A,NA,,
fra_tax,France,2014,2B9B,NA,,
fra_tax,France,2014,2C,NA,,
fra_tax,France,2014,2C1,NA,,
fra_tax,France,2014,2C2,NA,,
fra_tax,France,2014,2C3,NA,,
fra_tax,France,2014,2C4,NA,,
fra_tax,France,2014,2C5,NA,,
fra_tax,France,2014,2C6,NA,,
fra_tax,France,2014,2C7,NA,,
fra_tax,France,2014,2D,NA,,
fra_tax,France,2014,2D1,NA,,
fra_tax,France,2014,2D2,NA,,
fra_tax,France,2014,2D3,NA,,
fra_tax,France,2014,2D4,NA,,
fra_tax,France,2014,2E,NA,,
fra_tax,France,2014,2F,NA,,
fra_tax,France,2014,2F1,NA,,
fra_tax,France,2014,2F2,NA,,
fra_tax,France,2014,2F3,NA,,
fra_tax,France,2014,2F4,NA,,
fra_tax,France,2014,2F5,NA,,
fra_tax,France,2014,2F6,NA,,
fra_tax,France,2014,2G,NA,,
fra_tax,France,2014,2G1,NA,,
fra_tax,France,2014,2G2,NA,,
fra_tax,France,2014,2G3,NA,,
fra_tax,France,2014,2G4,NA,,
fra_tax,France,2014,2H,NA,,
fra_tax,France,2014,2H1,NA,,
fra_tax,France,2014,2H2,NA,,
fra_tax,France,2014,2H3,NA,,
fra_tax,France,2014,3,NA,,
fra_tax,France,2014,3A,NA,,
fra_tax,France,2014,3A1,NA,,
fra_tax,France,2014,3A2,NA,,
fra_tax,France,2014,3B,NA,,
fra_tax,France,2014,3B1,NA,,
fra_tax,France,2014,3B1A,NA,,
fra_tax,France,2014,3B1B,NA,,
fra_tax,France,2014,3B2,NA,,
fra_tax,France,2014,3B2A,NA,,
fra_tax,France,2014,3B2B,NA,,
fra_tax,France,2014,3B3,NA,,
fra_tax,France,2014,3B3A,NA,,
fra_tax,France,2014,3B3B,NA,,
fra_tax,France,2014,3B4,NA,,
fra_tax,France,2014,3B4A,NA,,
fra_tax,France,2014,3B4B,NA,,
fra_tax,France,2014,3B5,NA,,
fra_tax,France,2014,3B5A,NA,,
fra_tax,France,2014,3B5B,NA,,
fra_tax,France,2014,3B6,NA,,
fra_tax,France,2014,3B6A,NA,,
fra_tax,France,2014,3B6B,NA,,
fra_tax,France,2014,3B6B1,NA,,
fra_tax,France,2014,3B6B2,NA,,
fra_tax,France,2014,3B6B3,NA,,
fra_tax,France,2014,3B6B4,NA,,
fra_tax,France,2014,3B6B5,NA,,
fra_tax,France,2014,3C,NA,,
fra_tax,France,2014,3C1,NA,,
fra_tax,France,2014,3C2,NA,,
fra_tax,France,2014,3C3,NA,,
fra_tax,France,2014,3C4,NA,,
fra_tax,France,2014,3C5,NA,,
fra_tax,France,2014,3C6,NA,,
fra_tax,France,2014,3C7,NA,,
fra_tax,France,2014,3C8,NA,,
fra_tax,France,2014,3D,NA,,
fra_tax,France,2014,3D1,NA,,
fra_tax,France,2014,3D2,NA,,
fra_tax,France,2014,4,NA,,
fra_tax,France,2014,4A,NA,,
fra_tax,France,2014,4A1,NA,,
fra_tax,France,2014,4A2,NA,,
fra_tax,France,2014,4A3,NA,,
fra_tax,France,2014,4B,NA,,
fra_tax,France,2014,4C,NA,,
fra_tax,France,2014,4C1,NA,,
fra_tax,France,2014,4C2,NA,,
fra_tax,France,2014,4D,NA,,
fra_tax,France,2014,4D1,NA,,
fra_tax,France,2014,4D2,NA,,
fra_tax,France,2014,4E,NA,,
fra_tax,France,2014,5,NA,,
fra_tax,France,2014,5A,NA,,
fra_tax,France,2014,5A1,NA,,
fra_tax,France,2014,5A2,NA,,
fra_tax,France,2015,0,NA,,
fra_tax,France,2015,1,NA,,
fra_tax,France,2015,1A,NA,,
fra_tax,France,2015,1A1,NA,,
fra_tax,France,2015,1A1A,NA,,
fra_tax,France,2015,1A1A1,NA,,
fra_tax,France,2015,1A1A2,NA,,
fra_tax,France,2015,1A1A3,NA,,
fra_tax,France,2015,1A1B,1,,
fra_tax,France,2015,1A1C,1,,
fra_tax,France,2015,1A2,NA,,
fra_tax,France,2015,1A2A,NA,,
fra_tax,France,2015,1A2B,NA,,
fra_tax,France,2015,1A2C,NA,,
fra_tax,France,2015,1A2D,NA,,
fra_tax,France,2015,1A2E,NA,,
fra_tax,France,2015,1A2F,NA,,
fra_tax,France,2015,1A2G,NA,,
fra_tax,France,2015,1A2H,NA,,
fra_tax,France,2015,1A2I,NA,,
fra_tax,France,2015,1A2J,NA,,
fra_tax,France,2015,1A2K,NA,,
fra_tax,France,2015,1A2L,NA,,
fra_tax,France,2015,1A2M,NA,,
fra_tax,France,2015,1A3,NA,,
fra_tax,France,2015,1A3A,NA,,
fra_tax,France,2015,1A3A1,NA,,
fra_tax,France,2015,1A3A2,NA,,
fra_tax,France,2015,1A3B,1,,
fra_tax,France,2015,1A3C,NA,,
fra_tax,France,2015,1A3D,NA,,
fra_tax,France,2015,1A3D1,NA,,
fra_tax,France,2015,1A3D2,NA,,
fra_tax,France,2015,1A3E,NA,,
fra_tax,France,2015,1A3E1,NA,,
fra_tax,France,2015,1A4,NA,,
fra_tax,France,2015,1A4A,1,,
fra_tax,France,2015,1A4B,1,,
fra_tax,France,2015,1A4C,NA,,
fra_tax,France,2015,1A4C1,NA,,
fra_tax,France,2015,1A4C2,NA,,
fra_tax,France,2015,1A4C3,NA,,
fra_tax,France,2015,1A5,NA,,
fra_tax,France,2015,1A5A,NA,,
fra_tax,France,2015,1A5B,NA,,
fra_tax,France,2015,1A5C,NA,,
fra_tax,France,2015,1B,NA,,
fra_tax,France,2015,1B1,NA,,
fra_tax,France,2015,1B1A,NA,,
fra_tax,France,2015,1B1A1,NA,,
fra_tax,France,2015,1B1A11,NA,,
fra_tax,France,2015,1B1A12,NA,,
fra_tax,France,2015,1B1A13,NA,,
fra_tax,France,2015,1B1A14,NA,,
fra_tax,France,2015,1B1A2,NA,,
fra_tax,France,2015,1B1A21,NA,,
fra_tax,France,2015,1B1A22,NA,,
fra_tax,France,2015,1B1B,NA,,
fra_tax,France,2015,1B2,NA,,
fra_tax,France,2015,1B2A,NA,,
fra_tax,France,2015,1B2A1,NA,,
fra_tax,France,2015,1B2A2,NA,,
fra_tax,France,2015,1B2A3,NA,,
fra_tax,France,2015,1B2A31,NA,,
fra_tax,France,2015,1B2A32,NA,,
fra_tax,France,2015,1B2A33,NA,,
fra_tax,France,2015,1B2A34,NA,,
fra_tax,France,2015,1B2A35,NA,,
fra_tax,France,2015,1B2A36,NA,,
fra_tax,France,2015,1B2B,NA,,
fra_tax,France,2015,1B2B1,NA,,
fra_tax,France,2015,1B2B2,NA,,
fra_tax,France,2015,1B2B3,NA,,
fra_tax,France,2015,1B2B31,NA,,
fra_tax,France,2015,1B2B32,NA,,
fra_tax,France,2015,1B2B33,NA,,
fra_tax,France,2015,1B2B34,NA,,
fra_tax,France,2015,1B2B35,NA,,
fra_tax,France,2015,1B2B36,NA,,
fra_tax,France,2015,1B3,NA,,
fra_tax,France,2015,1C,NA,,
fra_tax,France,2015,1C1,NA,,
fra_tax,France,2015,1C1A,NA,,
fra_tax,France,2015,1C1B,NA,,
fra_tax,France,2015,1C1C,NA,,
fra_tax,France,2015,1C2,NA,,
fra_tax,France,2015,1C2A,NA,,
fra_tax,France,2015,1C2B,NA,,
fra_tax,France,2015,1C3,NA,,
fra_tax,France,2015,2,NA,,
fra_tax,France,2015,20,NA,,
fra_tax,France,2015,200,NA,,
fra_tax,France,2015,2000,NA,,
fra_tax,France,2015,20000,NA,,
fra_tax,France,2015,200000,NA,,
fra_tax,France,2015,2A,NA,,
fra_tax,France,2015,2A1,NA,,
fra_tax,France,2015,2A2,NA,,
fra_tax,France,2015,2A3,NA,,
fra_tax,France,2015,2A4,NA,,
fra_tax,France,2015,2A4A,NA,,
fra_tax,France,2015,2A4B,NA,,
fra_tax,France,2015,2A4C,NA,,
fra_tax,France,2015,2A4D,NA,,
fra_tax,France,2015,2B,NA,,
fra_tax,France,2015,2B1,NA,,
fra_tax,France,2015,2B10,NA,,
fra_tax,France,2015,2B2,NA,,
fra_tax,France,2015,2B3,NA,,
fra_tax,France,2015,2B4,NA,,
fra_tax,France,2015,2B5,NA,,
fra_tax,France,2015,2B6,NA,,
fra_tax,France,2015,2B7,NA,,
fra_tax,France,2015,2B8,NA,,
fra_tax,France,2015,2B8A,NA,,
fra_tax,France,2015,2B8B,NA,,
fra_tax,France,2015,2B8C,NA,,
fra_tax,France,2015,2B8D,NA,,
fra_tax,France,2015,2B8E,NA,,
fra_tax,France,2015,2B8F,NA,,
fra_tax,France,2015,2B9,NA,,
fra_tax,France,2015,2B9A,NA,,
fra_tax,France,2015,2B9B,NA,,
fra_tax,France,2015,2C,NA,,
fra_tax,France,2015,2C1,NA,,
fra_tax,France,2015,2C2,NA,,
fra_tax,France,2015,2C3,NA,,
fra_tax,France,2015,2C4,NA,,
fra_tax,France,2015,2C5,NA,,
fra_tax,France,2015,2C6,NA,,
fra_tax,France,2015,2C7,NA,,
fra_tax,France,2015,2D,NA,,
fra_tax,France,2015,2D1,NA,,
fra_tax,France,2015,2D2,NA,,
fra_tax,France,2015,2D3,NA,,
fra_tax,France,2015,2D4,NA,,
fra_tax,France,2015,2E,NA,,
fra_tax,France,2015,2F,NA,,
fra_tax,France,2015,2F1,NA,,
fra_tax,France,2015,2F2,NA,,
fra_tax,France,2015,2F3,NA,,
fra_tax,France,2015,2F4,NA,,
fra_tax,France,2015,2F5,NA,,
fra_tax,France,2015,2F6,NA,,
fra_tax,France,2015,2G,NA,,
fra_tax,France,2015,2G1,NA,,
fra_tax,France,2015,2G2,NA,,
fra_tax,France,2015,2G3,NA,,
fra_tax,France,2015,2G4,NA,,
fra_tax,France,2015,2H,NA,,
fra_tax,France,2015,2H1,NA,,
fra_tax,France,2015,2H2,NA,,
fra_tax,France,2015,2H3,NA,,
fra_tax,France,2015,3,NA,,
fra_tax,France,2015,3A,NA,,
fra_tax,France,2015,3A1,NA,,
fra_tax,France,2015,3A2,NA,,
fra_tax,France,2015,3B,NA,,
fra_tax,France,2015,3B1,NA,,
fra_tax,France,2015,3B1A,NA,,
fra_tax,France,2015,3B1B,NA,,
fra_tax,France,2015,3B2,NA,,
fra_tax,France,2015,3B2A,NA,,
fra_tax,France,2015,3B2B,NA,,
fra_tax,France,2015,3B3,NA,,
fra_tax,France,2015,3B3A,NA,,
fra_tax,France,2015,3B3B,NA,,
fra_tax,France,2015,3B4,NA,,
fra_tax,France,2015,3B4A,NA,,
fra_tax,France,2015,3B4B,NA,,
fra_tax,France,2015,3B5,NA,,
fra_tax,France,2015,3B5A,NA,,
fra_tax,France,2015,3B5B,NA,,
fra_tax,France,2015,3B6,NA,,
fra_tax,France,2015,3B6A,NA,,
fra_tax,France,2015,3B6B,NA,,
fra_tax,France,2015,3B6B1,NA,,
fra_tax,France,2015,3B6B2,NA,,
fra_tax,France,2015,3B6B3,NA,,
fra_tax,France,2015,3B6B4,NA,,
fra_tax,France,2015,3B6B5,NA,,
fra_tax,France,2015,3C,NA,,
fra_tax,France,2015,3C1,NA,,
fra_tax,France,2015,3C2,NA,,
fra_tax,France,2015,3C3,NA,,
fra_tax,France,2015,3C4,NA,,
fra_tax,France,2015,3C5,NA,,
fra_tax,France,2015,3C6,NA,,
fra_tax,France,2015,3C7,NA,,
fra_tax,France,2015,3C8,NA,,
fra_tax,France,2015,3D,NA,,
fra_tax,France,2015,3D1,NA,,
fra_tax,France,2015,3D2,NA,,
fra_tax,France,2015,4,NA,,
fra_tax,France,2015,4A,NA,,
fra_tax,France,2015,4A1,NA,,
fra_tax,France,2015,4A2,NA,,
fra_tax,France,2015,4A3,NA,,
fra_tax,France,2015,4B,NA,,
fra_tax,France,2015,4C,NA,,
fra_tax,France,2015,4C1,NA,,
fra_tax,France,2015,4C2,NA,,
fra_tax,France,2015,4D,NA,,
fra_tax,France,2015,4D1,NA,,
fra_tax,France,2015,4D2,NA,,
fra_tax,France,2015,4E,NA,,
fra_tax,France,2015,5,NA,,
fra_tax,France,2015,5A,NA,,
fra_tax,France,2015,5A1,NA,,
fra_tax,France,2015,5A2,NA,,
fra_tax,France,2016,0,NA,,
fra_tax,France,2016,1,NA,,
fra_tax,France,2016,1A,NA,,
fra_tax,France,2016,1A1,NA,,
fra_tax,France,2016,1A1A,NA,,
fra_tax,France,2016,1A1A1,NA,,
fra_tax,France,2016,1A1A2,NA,,
fra_tax,France,2016,1A1A3,NA,,
fra_tax,France,2016,1A1B,1,,
fra_tax,France,2016,1A1C,1,,
fra_tax,France,2016,1A2,NA,,
fra_tax,France,2016,1A2A,NA,,
fra_tax,France,2016,1A2B,NA,,
fra_tax,France,2016,1A2C,NA,,
fra_tax,France,2016,1A2D,NA,,
fra_tax,France,2016,1A2E,NA,,
fra_tax,France,2016,1A2F,NA,,
fra_tax,France,2016,1A2G,NA,,
fra_tax,France,2016,1A2H,NA,,
fra_tax,France,2016,1A2I,NA,,
fra_tax,France,2016,1A2J,NA,,
fra_tax,France,2016,1A2K,NA,,
fra_tax,France,2016,1A2L,NA,,
fra_tax,France,2016,1A2M,NA,,
fra_tax,France,2016,1A3,NA,,
fra_tax,France,2016,1A3A,NA,,
fra_tax,France,2016,1A3A1,NA,,
fra_tax,France,2016,1A3A2,NA,,
fra_tax,France,2016,1A3B,1,,
fra_tax,France,2016,1A3C,NA,,
fra_tax,France,2016,1A3D,NA,,
fra_tax,France,2016,1A3D1,NA,,
fra_tax,France,2016,1A3D2,NA,,
fra_tax,France,2016,1A3E,NA,,
fra_tax,France,2016,1A3E1,NA,,
fra_tax,France,2016,1A4,NA,,
fra_tax,France,2016,1A4A,1,,
fra_tax,France,2016,1A4B,1,,
fra_tax,France,2016,1A4C,NA,,
fra_tax,France,2016,1A4C1,NA,,
fra_tax,France,2016,1A4C2,NA,,
fra_tax,France,2016,1A4C3,NA,,
fra_tax,France,2016,1A5,NA,,
fra_tax,France,2016,1A5A,NA,,
fra_tax,France,2016,1A5B,NA,,
fra_tax,France,2016,1A5C,NA,,
fra_tax,France,2016,1B,NA,,
fra_tax,France,2016,1B1,NA,,
fra_tax,France,2016,1B1A,NA,,
fra_tax,France,2016,1B1A1,NA,,
fra_tax,France,2016,1B1A11,NA,,
fra_tax,France,2016,1B1A12,NA,,
fra_tax,France,2016,1B1A13,NA,,
fra_tax,France,2016,1B1A14,NA,,
fra_tax,France,2016,1B1A2,NA,,
fra_tax,France,2016,1B1A21,NA,,
fra_tax,France,2016,1B1A22,NA,,
fra_tax,France,2016,1B1B,NA,,
fra_tax,France,2016,1B2,NA,,
fra_tax,France,2016,1B2A,NA,,
fra_tax,France,2016,1B2A1,NA,,
fra_tax,France,2016,1B2A2,NA,,
fra_tax,France,2016,1B2A3,NA,,
fra_tax,France,2016,1B2A31,NA,,
fra_tax,France,2016,1B2A32,NA,,
fra_tax,France,2016,1B2A33,NA,,
fra_tax,France,2016,1B2A34,NA,,
fra_tax,France,2016,1B2A35,NA,,
fra_tax,France,2016,1B2A36,NA,,
fra_tax,France,2016,1B2B,NA,,
fra_tax,France,2016,1B2B1,NA,,
fra_tax,France,2016,1B2B2,NA,,
fra_tax,France,2016,1B2B3,NA,,
fra_tax,France,2016,1B2B31,NA,,
fra_tax,France,2016,1B2B32,NA,,
fra_tax,France,2016,1B2B33,NA,,
fra_tax,France,2016,1B2B34,NA,,
fra_tax,France,2016,1B2B35,NA,,
fra_tax,France,2016,1B2B36,NA,,
fra_tax,France,2016,1B3,NA,,
fra_tax,France,2016,1C,NA,,
fra_tax,France,2016,1C1,NA,,
fra_tax,France,2016,1C1A,NA,,
fra_tax,France,2016,1C1B,NA,,
fra_tax,France,2016,1C1C,NA,,
fra_tax,France,2016,1C2,NA,,
fra_tax,France,2016,1C2A,NA,,
fra_tax,France,2016,1C2B,NA,,
fra_tax,France,2016,1C3,NA,,
fra_tax,France,2016,2,NA,,
fra_tax,France,2016,20,NA,,
fra_tax,France,2016,200,NA,,
fra_tax,France,2016,2000,NA,,
fra_tax,France,2016,20000,NA,,
fra_tax,France,2016,200000,NA,,
fra_tax,France,2016,2A,NA,,
fra_tax,France,2016,2A1,NA,,
fra_tax,France,2016,2A2,NA,,
fra_tax,France,2016,2A3,NA,,
fra_tax,France,2016,2A4,NA,,
fra_tax,France,2016,2A4A,NA,,
fra_tax,France,2016,2A4B,NA,,
fra_tax,France,2016,2A4C,NA,,
fra_tax,France,2016,2A4D,NA,,
fra_tax,France,2016,2B,NA,,
fra_tax,France,2016,2B1,NA,,
fra_tax,France,2016,2B10,NA,,
fra_tax,France,2016,2B2,NA,,
fra_tax,France,2016,2B3,NA,,
fra_tax,France,2016,2B4,NA,,
fra_tax,France,2016,2B5,NA,,
fra_tax,France,2016,2B6,NA,,
fra_tax,France,2016,2B7,NA,,
fra_tax,France,2016,2B8,NA,,
fra_tax,France,2016,2B8A,NA,,
fra_tax,France,2016,2B8B,NA,,
fra_tax,France,2016,2B8C,NA,,
fra_tax,France,2016,2B8D,NA,,
fra_tax,France,2016,2B8E,NA,,
fra_tax,France,2016,2B8F,NA,,
fra_tax,France,2016,2B9,NA,,
fra_tax,France,2016,2B9A,NA,,
fra_tax,France,2016,2B9B,NA,,
fra_tax,France,2016,2C,NA,,
fra_tax,France,2016,2C1,NA,,
fra_tax,France,2016,2C2,NA,,
fra_tax,France,2016,2C3,NA,,
fra_tax,France,2016,2C4,NA,,
fra_tax,France,2016,2C5,NA,,
fra_tax,France,2016,2C6,NA,,
fra_tax,France,2016,2C7,NA,,
fra_tax,France,2016,2D,NA,,
fra_tax,France,2016,2D1,NA,,
fra_tax,France,2016,2D2,NA,,
fra_tax,France,2016,2D3,NA,,
fra_tax,France,2016,2D4,NA,,
fra_tax,France,2016,2E,NA,,
fra_tax,France,2016,2F,NA,,
fra_tax,France,2016,2F1,NA,,
fra_tax,France,2016,2F2,NA,,
fra_tax,France,2016,2F3,NA,,
fra_tax,France,2016,2F4,NA,,
fra_tax,France,2016,2F5,NA,,
fra_tax,France,2016,2F6,NA,,
fra_tax,France,2016,2G,NA,,
fra_tax,France,2016,2G1,NA,,
fra_tax,France,2016,2G2,NA,,
fra_tax,France,2016,2G3,NA,,
fra_tax,France,2016,2G4,NA,,
fra_tax,France,2016,2H,NA,,
fra_tax,France,2016,2H1,NA,,
fra_tax,France,2016,2H2,NA,,
fra_tax,France,2016,2H3,NA,,
fra_tax,France,2016,3,NA,,
fra_tax,France,2016,3A,NA,,
fra_tax,France,2016,3A1,NA,,
fra_tax,France,2016,3A2,NA,,
fra_tax,France,2016,3B,NA,,
fra_tax,France,2016,3B1,NA,,
fra_tax,France,2016,3B1A,NA,,
fra_tax,France,2016,3B1B,NA,,
fra_tax,France,2016,3B2,NA,,
fra_tax,France,2016,3B2A,NA,,
fra_tax,France,2016,3B2B,NA,,
fra_tax,France,2016,3B3,NA,,
fra_tax,France,2016,3B3A,NA,,
fra_tax,France,2016,3B3B,NA,,
fra_tax,France,2016,3B4,NA,,
fra_tax,France,2016,3B4A,NA,,
fra_tax,France,2016,3B4B,NA,,
fra_tax,France,2016,3B5,NA,,
fra_tax,France,2016,3B5A,NA,,
fra_tax,France,2016,3B5B,NA,,
fra_tax,France,2016,3B6,NA,,
fra_tax,France,2016,3B6A,NA,,
fra_tax,France,2016,3B6B,NA,,
fra_tax,France,2016,3B6B1,NA,,
fra_tax,France,2016,3B6B2,NA,,
fra_tax,France,2016,3B6B3,NA,,
fra_tax,France,2016,3B6B4,NA,,
fra_tax,France,2016,3B6B5,NA,,
fra_tax,France,2016,3C,NA,,
fra_tax,France,2016,3C1,NA,,
fra_tax,France,2016,3C2,NA,,
fra_tax,France,2016,3C3,NA,,
fra_tax,France,2016,3C4,NA,,
fra_tax,France,2016,3C5,NA,,
fra_tax,France,2016,3C6,NA,,
fra_tax,France,2016,3C7,NA,,
fra_tax,France,2016,3C8,NA,,
fra_tax,France,2016,3D,NA,,
fra_tax,France,2016,3D1,NA,,
fra_tax,France,2016,3D2,NA,,
fra_tax,France,2016,4,NA,,
fra_tax,France,2016,4A,NA,,
fra_tax,France,2016,4A1,NA,,
fra_tax,France,2016,4A2,NA,,
fra_tax,France,2016,4A3,NA,,
fra_tax,France,2016,4B,NA,,
fra_tax,France,2016,4C,NA,,
fra_tax,France,2016,4C1,NA,,
fra_tax,France,2016,4C2,NA,,
fra_tax,France,2016,4D,NA,,
fra_tax,France,2016,4D1,NA,,
fra_tax,France,2016,4D2,NA,,
fra_tax,France,2016,4E,NA,,
fra_tax,France,2016,5,NA,,
fra_tax,France,2016,5A,NA,,
fra_tax,France,2016,5A1,NA,,
fra_tax,France,2016,5A2,NA,,
fra_tax,France,2017,0,NA,,
fra_tax,France,2017,1,NA,,
fra_tax,France,2017,1A,NA,,
fra_tax,France,2017,1A1,NA,,
fra_tax,France,2017,1A1A,NA,,
fra_tax,France,2017,1A1A1,NA,,
fra_tax,France,2017,1A1A2,NA,,
fra_tax,France,2017,1A1A3,NA,,
fra_tax,France,2017,1A1B,1,,
fra_tax,France,2017,1A1C,1,,
fra_tax,France,2017,1A2,NA,,
fra_tax,France,2017,1A2A,NA,,
fra_tax,France,2017,1A2B,NA,,
fra_tax,France,2017,1A2C,NA,,
fra_tax,France,2017,1A2D,NA,,
fra_tax,France,2017,1A2E,NA,,
fra_tax,France,2017,1A2F,NA,,
fra_tax,France,2017,1A2G,NA,,
fra_tax,France,2017,1A2H,NA,,
fra_tax,France,2017,1A2I,NA,,
fra_tax,France,2017,1A2J,NA,,
fra_tax,France,2017,1A2K,NA,,
fra_tax,France,2017,1A2L,NA,,
fra_tax,France,2017,1A2M,NA,,
fra_tax,France,2017,1A3,NA,,
fra_tax,France,2017,1A3A,NA,,
fra_tax,France,2017,1A3A1,NA,,
fra_tax,France,2017,1A3A2,NA,,
fra_tax,France,2017,1A3B,1,,
fra_tax,France,2017,1A3C,NA,,
fra_tax,France,2017,1A3D,NA,,
fra_tax,France,2017,1A3D1,NA,,
fra_tax,France,2017,1A3D2,NA,,
fra_tax,France,2017,1A3E,NA,,
fra_tax,France,2017,1A3E1,NA,,
fra_tax,France,2017,1A4,NA,,
fra_tax,France,2017,1A4A,1,,
fra_tax,France,2017,1A4B,1,,
fra_tax,France,2017,1A4C,NA,,
fra_tax,France,2017,1A4C1,NA,,
fra_tax,France,2017,1A4C2,NA,,
fra_tax,France,2017,1A4C3,NA,,
fra_tax,France,2017,1A5,NA,,
fra_tax,France,2017,1A5A,NA,,
fra_tax,France,2017,1A5B,NA,,
fra_tax,France,2017,1A5C,NA,,
fra_tax,France,2017,1B,NA,,
fra_tax,France,2017,1B1,NA,,
fra_tax,France,2017,1B1A,NA,,
fra_tax,France,2017,1B1A1,NA,,
fra_tax,France,2017,1B1A11,NA,,
fra_tax,France,2017,1B1A12,NA,,
fra_tax,France,2017,1B1A13,NA,,
fra_tax,France,2017,1B1A14,NA,,
fra_tax,France,2017,1B1A2,NA,,
fra_tax,France,2017,1B1A21,NA,,
fra_tax,France,2017,1B1A22,NA,,
fra_tax,France,2017,1B1B,NA,,
fra_tax,France,2017,1B2,NA,,
fra_tax,France,2017,1B2A,NA,,
fra_tax,France,2017,1B2A1,NA,,
fra_tax,France,2017,1B2A2,NA,,
fra_tax,France,2017,1B2A3,NA,,
fra_tax,France,2017,1B2A31,NA,,
fra_tax,France,2017,1B2A32,NA,,
fra_tax,France,2017,1B2A33,NA,,
fra_tax,France,2017,1B2A34,NA,,
fra_tax,France,2017,1B2A35,NA,,
fra_tax,France,2017,1B2A36,NA,,
fra_tax,France,2017,1B2B,NA,,
fra_tax,France,2017,1B2B1,NA,,
fra_tax,France,2017,1B2B2,NA,,
fra_tax,France,2017,1B2B3,NA,,
fra_tax,France,2017,1B2B31,NA,,
fra_tax,France,2017,1B2B32,NA,,
fra_tax,France,2017,1B2B33,NA,,
fra_tax,France,2017,1B2B34,NA,,
fra_tax,France,2017,1B2B35,NA,,
fra_tax,France,2017,1B2B36,NA,,
fra_tax,France,2017,1B3,NA,,
fra_tax,France,2017,1C,NA,,
fra_tax,France,2017,1C1,NA,,
fra_tax,France,2017,1C1A,NA,,
fra_tax,France,2017,1C1B,NA,,
fra_tax,France,2017,1C1C,NA,,
fra_tax,France,2017,1C2,NA,,
fra_tax,France,2017,1C2A,NA,,
fra_tax,France,2017,1C2B,NA,,
fra_tax,France,2017,1C3,NA,,
fra_tax,France,2017,2,NA,,
fra_tax,France,2017,20,NA,,
fra_tax,France,2017,200,NA,,
fra_tax,France,2017,2000,NA,,
fra_tax,France,2017,20000,NA,,
fra_tax,France,2017,200000,NA,,
fra_tax,France,2017,2A,NA,,
fra_tax,France,2017,2A1,NA,,
fra_tax,France,2017,2A2,NA,,
fra_tax,France,2017,2A3,NA,,
fra_tax,France,2017,2A4,NA,,
fra_tax,France,2017,2A4A,NA,,
fra_tax,France,2017,2A4B,NA,,
fra_tax,France,2017,2A4C,NA,,
fra_tax,France,2017,2A4D,NA,,
fra_tax,France,2017,2B,NA,,
fra_tax,France,2017,2B1,NA,,
fra_tax,France,2017,2B10,NA,,
fra_tax,France,2017,2B2,NA,,
fra_tax,France,2017,2B3,NA,,
fra_tax,France,2017,2B4,NA,,
fra_tax,France,2017,2B5,NA,,
fra_tax,France,2017,2B6,NA,,
fra_tax,France,2017,2B7,NA,,
fra_tax,France,2017,2B8,NA,,
fra_tax,France,2017,2B8A,NA,,
fra_tax,France,2017,2B8B,NA,,
fra_tax,France,2017,2B8C,NA,,
fra_tax,France,2017,2B8D,NA,,
fra_tax,France,2017,2B8E,NA,,
fra_tax,France,2017,2B8F,NA,,
fra_tax,France,2017,2B9,NA,,
fra_tax,France,2017,2B9A,NA,,
fra_tax,France,2017,2B9B,NA,,
fra_tax,France,2017,2C,NA,,
fra_tax,France,2017,2C1,NA,,
fra_tax,France,2017,2C2,NA,,
fra_tax,France,2017,2C3,NA,,
fra_tax,France,2017,2C4,NA,,
fra_tax,France,2017,2C5,NA,,
fra_tax,France,2017,2C6,NA,,
fra_tax,France,2017,2C7,NA,,
fra_tax,France,2017,2D,NA,,
fra_tax,France,2017,2D1,NA,,
fra_tax,France,2017,2D2,NA,,
fra_tax,France,2017,2D3,NA,,
fra_tax,France,2017,2D4,NA,,
fra_tax,France,2017,2E,NA,,
fra_tax,France,2017,2F,NA,,
fra_tax,France,2017,2F1,NA,,
fra_tax,France,2017,2F2,NA,,
fra_tax,France,2017,2F3,NA,,
fra_tax,France,2017,2F4,NA,,
fra_tax,France,2017,2F5,NA,,
fra_tax,France,2017,2F6,NA,,
fra_tax,France,2017,2G,NA,,
fra_tax,France,2017,2G1,NA,,
fra_tax,France,2017,2G2,NA,,
fra_tax,France,2017,2G3,NA,,
fra_tax,France,2017,2G4,NA,,
fra_tax,France,2017,2H,NA,,
fra_tax,France,2017,2H1,NA,,
fra_tax,France,2017,2H2,NA,,
fra_tax,France,2017,2H3,NA,,
fra_tax,France,2017,3,NA,,
fra_tax,France,2017,3A,NA,,
fra_tax,France,2017,3A1,NA,,
fra_tax,France,2017,3A2,NA,,
fra_tax,France,2017,3B,NA,,
fra_tax,France,2017,3B1,NA,,
fra_tax,France,2017,3B1A,NA,,
fra_tax,France,2017,3B1B,NA,,
fra_tax,France,2017,3B2,NA,,
fra_tax,France,2017,3B2A,NA,,
fra_tax,France,2017,3B2B,NA,,
fra_tax,France,2017,3B3,NA,,
fra_tax,France,2017,3B3A,NA,,
fra_tax,France,2017,3B3B,NA,,
fra_tax,France,2017,3B4,NA,,
fra_tax,France,2017,3B4A,NA,,
fra_tax,France,2017,3B4B,NA,,
fra_tax,France,2017,3B5,NA,,
fra_tax,France,2017,3B5A,NA,,
fra_tax,France,2017,3B5B,NA,,
fra_tax,France,2017,3B6,NA,,
fra_tax,France,2017,3B6A,NA,,
fra_tax,France,2017,3B6B,NA,,
fra_tax,France,2017,3B6B1,NA,,
fra_tax,France,2017,3B6B2,NA,,
fra_tax,France,2017,3B6B3,NA,,
fra_tax,France,2017,3B6B4,NA,,
fra_tax,France,2017,3B6B5,NA,,
fra_tax,France,2017,3C,NA,,
fra_tax,France,2017,3C1,NA,,
fra_tax,France,2017,3C2,NA,,
fra_tax,France,2017,3C3,NA,,
fra_tax,France,2017,3C4,NA,,
fra_tax,France,2017,3C5,NA,,
fra_tax,France,2017,3C6,NA,,
fra_tax,France,2017,3C7,NA,,
fra_tax,France,2017,3C8,NA,,
fra_tax,France,2017,3D,NA,,
fra_tax,France,2017,3D1,NA,,
fra_tax,France,2017,3D2,NA,,
fra_tax,France,2017,4,NA,,
fra_tax,France,2017,4A,NA,,
fra_tax,France,2017,4A1,NA,,
fra_tax,France,2017,4A2,NA,,
fra_tax,France,2017,4A3,NA,,
fra_tax,France,2017,4B,NA,,
fra_tax,France,2017,4C,NA,,
fra_tax,France,2017,4C1,NA,,
fra_tax,France,2017,4C2,NA,,
fra_tax,France,2017,4D,NA,,
fra_tax,France,2017,4D1,NA,,
fra_tax,France,2017,4D2,NA,,
fra_tax,France,2017,4E,NA,,
fra_tax,France,2017,5,NA,,
fra_tax,France,2017,5A,NA,,
fra_tax,France,2017,5A1,NA,,
fra_tax,France,2017,5A2,NA,,
fra_tax,France,2018,0,NA,,
fra_tax,France,2018,1,NA,,
fra_tax,France,2018,1A,NA,,
fra_tax,France,2018,1A1,NA,,
fra_tax,France,2018,1A1A,NA,,
fra_tax,France,2018,1A1A1,NA,,
fra_tax,France,2018,1A1A2,NA,,
fra_tax,France,2018,1A1A3,NA,,
fra_tax,France,2018,1A1B,1,,
fra_tax,France,2018,1A1C,1,,
fra_tax,France,2018,1A2,NA,,
fra_tax,France,2018,1A2A,NA,,
fra_tax,France,2018,1A2B,NA,,
fra_tax,France,2018,1A2C,NA,,
fra_tax,France,2018,1A2D,NA,,
fra_tax,France,2018,1A2E,NA,,
fra_tax,France,2018,1A2F,NA,,
fra_tax,France,2018,1A2G,NA,,
fra_tax,France,2018,1A2H,NA,,
fra_tax,France,2018,1A2I,NA,,
fra_tax,France,2018,1A2J,NA,,
fra_tax,France,2018,1A2K,NA,,
fra_tax,France,2018,1A2L,NA,,
fra_tax,France,2018,1A2M,NA,,
fra_tax,France,2018,1A3,NA,,
fra_tax,France,2018,1A3A,NA,,
fra_tax,France,2018,1A3A1,NA,,
fra_tax,France,2018,1A3A2,NA,,
fra_tax,France,2018,1A3B,1,,
fra_tax,France,2018,1A3C,NA,,
fra_tax,France,2018,1A3D,NA,,
fra_tax,France,2018,1A3D1,NA,,
fra_tax,France,2018,1A3D2,NA,,
fra_tax,France,2018,1A3E,NA,,
fra_tax,France,2018,1A3E1,NA,,
fra_tax,France,2018,1A4,NA,,
fra_tax,France,2018,1A4A,1,,
fra_tax,France,2018,1A4B,1,,
fra_tax,France,2018,1A4C,NA,,
fra_tax,France,2018,1A4C1,NA,,
fra_tax,France,2018,1A4C2,NA,,
fra_tax,France,2018,1A4C3,NA,,
fra_tax,France,2018,1A5,NA,,
fra_tax,France,2018,1A5A,NA,,
fra_tax,France,2018,1A5B,NA,,
fra_tax,France,2018,1A5C,NA,,
fra_tax,France,2018,1B,NA,,
fra_tax,France,2018,1B1,NA,,
fra_tax,France,2018,1B1A,NA,,
fra_tax,France,2018,1B1A1,NA,,
fra_tax,France,2018,1B1A11,NA,,
fra_tax,France,2018,1B1A12,NA,,
fra_tax,France,2018,1B1A13,NA,,
fra_tax,France,2018,1B1A14,NA,,
fra_tax,France,2018,1B1A2,NA,,
fra_tax,France,2018,1B1A21,NA,,
fra_tax,France,2018,1B1A22,NA,,
fra_tax,France,2018,1B1B,NA,,
fra_tax,France,2018,1B2,NA,,
fra_tax,France,2018,1B2A,NA,,
fra_tax,France,2018,1B2A1,NA,,
fra_tax,France,2018,1B2A2,NA,,
fra_tax,France,2018,1B2A3,NA,,
fra_tax,France,2018,1B2A31,NA,,
fra_tax,France,2018,1B2A32,NA,,
fra_tax,France,2018,1B2A33,NA,,
fra_tax,France,2018,1B2A34,NA,,
fra_tax,France,2018,1B2A35,NA,,
fra_tax,France,2018,1B2A36,NA,,
fra_tax,France,2018,1B2B,NA,,
fra_tax,France,2018,1B2B1,NA,,
fra_tax,France,2018,1B2B2,NA,,
fra_tax,France,2018,1B2B3,NA,,
fra_tax,France,2018,1B2B31,NA,,
fra_tax,France,2018,1B2B32,NA,,
fra_tax,France,2018,1B2B33,NA,,
fra_tax,France,2018,1B2B34,NA,,
fra_tax,France,2018,1B2B35,NA,,
fra_tax,France,2018,1B2B36,NA,,
fra_tax,France,2018,1B3,NA,,
fra_tax,France,2018,1C,NA,,
fra_tax,France,2018,1C1,NA,,
fra_tax,France,2018,1C1A,NA,,
fra_tax,France,2018,1C1B,NA,,
fra_tax,France,2018,1C1C,NA,,
fra_tax,France,2018,1C2,NA,,
fra_tax,France,2018,1C2A,NA,,
fra_tax,France,2018,1C2B,NA,,
fra_tax,France,2018,1C3,NA,,
fra_tax,France,2018,2,NA,,
fra_tax,France,2018,20,NA,,
fra_tax,France,2018,200,NA,,
fra_tax,France,2018,2000,NA,,
fra_tax,France,2018,20000,NA,,
fra_tax,France,2018,200000,NA,,
fra_tax,France,2018,2A,NA,,
fra_tax,France,2018,2A1,NA,,
fra_tax,France,2018,2A2,NA,,
fra_tax,France,2018,2A3,NA,,
fra_tax,France,2018,2A4,NA,,
fra_tax,France,2018,2A4A,NA,,
fra_tax,France,2018,2A4B,NA,,
fra_tax,France,2018,2A4C,NA,,
fra_tax,France,2018,2A4D,NA,,
fra_tax,France,2018,2B,NA,,
fra_tax,France,2018,2B1,NA,,
fra_tax,France,2018,2B10,NA,,
fra_tax,France,2018,2B2,NA,,
fra_tax,France,2018,2B3,NA,,
fra_tax,France,2018,2B4,NA,,
fra_tax,France,2018,2B5,NA,,
fra_tax,France,2018,2B6,NA,,
fra_tax,France,2018,2B7,NA,,
fra_tax,France,2018,2B8,NA,,
fra_tax,France,2018,2B8A,NA,,
fra_tax,France,2018,2B8B,NA,,
fra_tax,France,2018,2B8C,NA,,
fra_tax,France,2018,2B8D,NA,,
fra_tax,France,2018,2B8E,NA,,
fra_tax,France,2018,2B8F,NA,,
fra_tax,France,2018,2B9,NA,,
fra_tax,France,2018,2B9A,NA,,
fra_tax,France,2018,2B9B,NA,,
fra_tax,France,2018,2C,NA,,
fra_tax,France,2018,2C1,NA,,
fra_tax,France,2018,2C2,NA,,
fra_tax,France,2018,2C3,NA,,
fra_tax,France,2018,2C4,NA,,
fra_tax,France,2018,2C5,NA,,
fra_tax,France,2018,2C6,NA,,
fra_tax,France,2018,2C7,NA,,
fra_tax,France,2018,2D,NA,,
fra_tax,France,2018,2D1,NA,,
fra_tax,France,2018,2D2,NA,,
fra_tax,France,2018,2D3,NA,,
fra_tax,France,2018,2D4,NA,,
fra_tax,France,2018,2E,NA,,
fra_tax,France,2018,2F,NA,,
fra_tax,France,2018,2F1,NA,,
fra_tax,France,2018,2F2,NA,,
fra_tax,France,2018,2F3,NA,,
fra_tax,France,2018,2F4,NA,,
fra_tax,France,2018,2F5,NA,,
fra_tax,France,2018,2F6,NA,,
fra_tax,France,2018,2G,NA,,
fra_tax,France,2018,2G1,NA,,
fra_tax,France,2018,2G2,NA,,
fra_tax,France,2018,2G3,NA,,
fra_tax,France,2018,2G4,NA,,
fra_tax,France,2018,2H,NA,,
fra_tax,France,2018,2H1,NA,,
fra_tax,France,2018,2H2,NA,,
fra_tax,France,2018,2H3,NA,,
fra_tax,France,2018,3,NA,,
fra_tax,France,2018,3A,NA,,
fra_tax,France,2018,3A1,NA,,
fra_tax,France,2018,3A2,NA,,
fra_tax,France,2018,3B,NA,,
fra_tax,France,2018,3B1,NA,,
fra_tax,France,2018,3B1A,NA,,
fra_tax,France,2018,3B1B,NA,,
fra_tax,France,2018,3B2,NA,,
fra_tax,France,2018,3B2A,NA,,
fra_tax,France,2018,3B2B,NA,,
fra_tax,France,2018,3B3,NA,,
fra_tax,France,2018,3B3A,NA,,
fra_tax,France,2018,3B3B,NA,,
fra_tax,France,2018,3B4,NA,,
fra_tax,France,2018,3B4A,NA,,
fra_tax,France,2018,3B4B,NA,,
fra_tax,France,2018,3B5,NA,,
fra_tax,France,2018,3B5A,NA,,
fra_tax,France,2018,3B5B,NA,,
fra_tax,France,2018,3B6,NA,,
fra_tax,France,2018,3B6A,NA,,
fra_tax,France,2018,3B6B,NA,,
fra_tax,France,2018,3B6B1,NA,,
fra_tax,France,2018,3B6B2,NA,,
fra_tax,France,2018,3B6B3,NA,,
fra_tax,France,2018,3B6B4,NA,,
fra_tax,France,2018,3B6B5,NA,,
fra_tax,France,2018,3C,NA,,
fra_tax,France,2018,3C1,NA,,
fra_tax,France,2018,3C2,NA,,
fra_tax,France,2018,3C3,NA,,
fra_tax,France,2018,3C4,NA,,
fra_tax,France,2018,3C5,NA,,
fra_tax,France,2018,3C6,NA,,
fra_tax,France,2018,3C7,NA,,
fra_tax,France,2018,3C8,NA,,
fra_tax,France,2018,3D,NA,,
fra_tax,France,2018,3D1,NA,,
fra_tax,France,2018,3D2,NA,,
fra_tax,France,2018,4,NA,,
fra_tax,France,2018,4A,NA,,
fra_tax,France,2018,4A1,NA,,
fra_tax,France,2018,4A2,NA,,
fra_tax,France,2018,4A3,NA,,
fra_tax,France,2018,4B,NA,,
fra_tax,France,2018,4C,NA,,
fra_tax,France,2018,4C1,NA,,
fra_tax,France,2018,4C2,NA,,
fra_tax,France,2018,4D,NA,,
fra_tax,France,2018,4D1,NA,,
fra_tax,France,2018,4D2,NA,,
fra_tax,France,2018,4E,NA,,
fra_tax,France,2018,5,NA,,
fra_tax,France,2018,5A,NA,,
fra_tax,France,2018,5A1,NA,,
fra_tax,France,2018,5A2,NA,,
fra_tax,France,2019,0,NA,,
fra_tax,France,2019,1,NA,,
fra_tax,France,2019,1A,NA,,
fra_tax,France,2019,1A1,NA,,
fra_tax,France,2019,1A1A,NA,,
fra_tax,France,2019,1A1A1,NA,,
fra_tax,France,2019,1A1A2,NA,,
fra_tax,France,2019,1A1A3,NA,,
fra_tax,France,2019,1A1B,1,,
fra_tax,France,2019,1A1C,1,,
fra_tax,France,2019,1A2,NA,,
fra_tax,France,2019,1A2A,NA,,
fra_tax,France,2019,1A2B,NA,,
fra_tax,France,2019,1A2C,NA,,
fra_tax,France,2019,1A2D,NA,,
fra_tax,France,2019,1A2E,NA,,
fra_tax,France,2019,1A2F,NA,,
fra_tax,France,2019,1A2G,NA,,
fra_tax,France,2019,1A2H,NA,,
fra_tax,France,2019,1A2I,NA,,
fra_tax,France,2019,1A2J,NA,,
fra_tax,France,2019,1A2K,NA,,
fra_tax,France,2019,1A2L,NA,,
fra_tax,France,2019,1A2M,NA,,
fra_tax,France,2019,1A3,NA,,
fra_tax,France,2019,1A3A,NA,,
fra_tax,France,2019,1A3A1,NA,,
fra_tax,France,2019,1A3A2,NA,,
fra_tax,France,2019,1A3B,1,,
fra_tax,France,2019,1A3C,NA,,
fra_tax,France,2019,1A3D,NA,,
fra_tax,France,2019,1A3D1,NA,,
fra_tax,France,2019,1A3D2,NA,,
fra_tax,France,2019,1A3E,NA,,
fra_tax,France,2019,1A3E1,NA,,
fra_tax,France,2019,1A4,NA,,
fra_tax,France,2019,1A4A,1,,
fra_tax,France,2019,1A4B,1,,
fra_tax,France,2019,1A4C,NA,,
fra_tax,France,2019,1A4C1,NA,,
fra_tax,France,2019,1A4C2,NA,,
fra_tax,France,2019,1A4C3,NA,,
fra_tax,France,2019,1A5,NA,,
fra_tax,France,2019,1A5A,NA,,
fra_tax,France,2019,1A5B,NA,,
fra_tax,France,2019,1A5C,NA,,
fra_tax,France,2019,1B,NA,,
fra_tax,France,2019,1B1,NA,,
fra_tax,France,2019,1B1A,NA,,
fra_tax,France,2019,1B1A1,NA,,
fra_tax,France,2019,1B1A11,NA,,
fra_tax,France,2019,1B1A12,NA,,
fra_tax,France,2019,1B1A13,NA,,
fra_tax,France,2019,1B1A14,NA,,
fra_tax,France,2019,1B1A2,NA,,
fra_tax,France,2019,1B1A21,NA,,
fra_tax,France,2019,1B1A22,NA,,
fra_tax,France,2019,1B1B,NA,,
fra_tax,France,2019,1B2,NA,,
fra_tax,France,2019,1B2A,NA,,
fra_tax,France,2019,1B2A1,NA,,
fra_tax,France,2019,1B2A2,NA,,
fra_tax,France,2019,1B2A3,NA,,
fra_tax,France,2019,1B2A31,NA,,
fra_tax,France,2019,1B2A32,NA,,
fra_tax,France,2019,1B2A33,NA,,
fra_tax,France,2019,1B2A34,NA,,
fra_tax,France,2019,1B2A35,NA,,
fra_tax,France,2019,1B2A36,NA,,
fra_tax,France,2019,1B2B,NA,,
fra_tax,France,2019,1B2B1,NA,,
fra_tax,France,2019,1B2B2,NA,,
fra_tax,France,2019,1B2B3,NA,,
fra_tax,France,2019,1B2B31,NA,,
fra_tax,France,2019,1B2B32,NA,,
fra_tax,France,2019,1B2B33,NA,,
fra_tax,France,2019,1B2B34,NA,,
fra_tax,France,2019,1B2B35,NA,,
fra_tax,France,2019,1B2B36,NA,,
fra_tax,France,2019,1B3,NA,,
fra_tax,France,2019,1C,NA,,
fra_tax,France,2019,1C1,NA,,
fra_tax,France,2019,1C1A,NA,,
fra_tax,France,2019,1C1B,NA,,
fra_tax,France,2019,1C1C,NA,,
fra_tax,France,2019,1C2,NA,,
fra_tax,France,2019,1C2A,NA,,
fra_tax,France,2019,1C2B,NA,,
fra_tax,France,2019,1C3,NA,,
fra_tax,France,2019,2,NA,,
fra_tax,France,2019,20,NA,,
fra_tax,France,2019,200,NA,,
fra_tax,France,2019,2000,NA,,
fra_tax,France,2019,20000,NA,,
fra_tax,France,2019,200000,NA,,
fra_tax,France,2019,2A,NA,,
fra_tax,France,2019,2A1,NA,,
fra_tax,France,2019,2A2,NA,,
fra_tax,France,2019,2A3,NA,,
fra_tax,France,2019,2A4,NA,,
fra_tax,France,2019,2A4A,NA,,
fra_tax,France,2019,2A4B,NA,,
fra_tax,France,2019,2A4C,NA,,
fra_tax,France,2019,2A4D,NA,,
fra_tax,France,2019,2B,NA,,
fra_tax,France,2019,2B1,NA,,
fra_tax,France,2019,2B10,NA,,
fra_tax,France,2019,2B2,NA,,
fra_tax,France,2019,2B3,NA,,
fra_tax,France,2019,2B4,NA,,
fra_tax,France,2019,2B5,NA,,
fra_tax,France,2019,2B6,NA,,
fra_tax,France,2019,2B7,NA,,
fra_tax,France,2019,2B8,NA,,
fra_tax,France,2019,2B8A,NA,,
fra_tax,France,2019,2B8B,NA,,
fra_tax,France,2019,2B8C,NA,,
fra_tax,France,2019,2B8D,NA,,
fra_tax,France,2019,2B8E,NA,,
fra_tax,France,2019,2B8F,NA,,
fra_tax,France,2019,2B9,NA,,
fra_tax,France,2019,2B9A,NA,,
fra_tax,France,2019,2B9B,NA,,
fra_tax,France,2019,2C,NA,,
fra_tax,France,2019,2C1,NA,,
fra_tax,France,2019,2C2,NA,,
fra_tax,France,2019,2C3,NA,,
fra_tax,France,2019,2C4,NA,,
fra_tax,France,2019,2C5,NA,,
fra_tax,France,2019,2C6,NA,,
fra_tax,France,2019,2C7,NA,,
fra_tax,France,2019,2D,NA,,
fra_tax,France,2019,2D1,NA,,
fra_tax,France,2019,2D2,NA,,
fra_tax,France,2019,2D3,NA,,
fra_tax,France,2019,2D4,NA,,
fra_tax,France,2019,2E,NA,,
fra_tax,France,2019,2F,NA,,
fra_tax,France,2019,2F1,NA,,
fra_tax,France,2019,2F2,NA,,
fra_tax,France,2019,2F3,NA,,
fra_tax,France,2019,2F4,NA,,
fra_tax,France,2019,2F5,NA,,
fra_tax,France,2019,2F6,NA,,
fra_tax,France,2019,2G,NA,,
fra_tax,France,2019,2G1,NA,,
fra_tax,France,2019,2G2,NA,,
fra_tax,France,2019,2G3,NA,,
fra_tax,France,2019,2G4,NA,,
fra_tax,France,2019,2H,NA,,
fra_tax,France,2019,2H1,NA,,
fra_tax,France,2019,2H2,NA,,
fra_tax,France,2019,2H3,NA,,
fra_tax,France,2019,3,NA,,
fra_tax,France,2019,3A,NA,,
fra_tax,France,2019,3A1,NA,,
fra_tax,France,2019,3A2,NA,,
fra_tax,France,2019,3B,NA,,
fra_tax,France,2019,3B1,NA,,
fra_tax,France,2019,3B1A,NA,,
fra_tax,France,2019,3B1B,NA,,
fra_tax,France,2019,3B2,NA,,
fra_tax,France,2019,3B2A,NA,,
fra_tax,France,2019,3B2B,NA,,
fra_tax,France,2019,3B3,NA,,
fra_tax,France,2019,3B3A,NA,,
fra_tax,France,2019,3B3B,NA,,
fra_tax,France,2019,3B4,NA,,
fra_tax,France,2019,3B4A,NA,,
fra_tax,France,2019,3B4B,NA,,
fra_tax,France,2019,3B5,NA,,
fra_tax,France,2019,3B5A,NA,,
fra_tax,France,2019,3B5B,NA,,
fra_tax,France,2019,3B6,NA,,
fra_tax,France,2019,3B6A,NA,,
fra_tax,France,2019,3B6B,NA,,
fra_tax,France,2019,3B6B1,NA,,
fra_tax,France,2019,3B6B2,NA,,
fra_tax,France,2019,3B6B3,NA,,
fra_tax,France,2019,3B6B4,NA,,
fra_tax,France,2019,3B6B5,NA,,
fra_tax,France,2019,3C,NA,,
fra_tax,France,2019,3C1,NA,,
fra_tax,France,2019,3C2,NA,,
fra_tax,France,2019,3C3,NA,,
fra_tax,France,2019,3C4,NA,,
fra_tax,France,2019,3C5,NA,,
fra_tax,France,2019,3C6,NA,,
fra_tax,France,2019,3C7,NA,,
fra_tax,France,2019,3C8,NA,,
fra_tax,France,2019,3D,NA,,
fra_tax,France,2019,3D1,NA,,
fra_tax,France,2019,3D2,NA,,
fra_tax,France,2019,4,NA,,
fra_tax,France,2019,4A,NA,,
fra_tax,France,2019,4A1,NA,,
fra_tax,France,2019,4A2,NA,,
fra_tax,France,2019,4A3,NA,,
fra_tax,France,2019,4B,NA,,
fra_tax,France,2019,4C,NA,,
fra_tax,France,2019,4C1,NA,,
fra_tax,France,2019,4C2,NA,,
fra_tax,France,2019,4D,NA,,
fra_tax,France,2019,4D1,NA,,
fra_tax,France,2019,4D2,NA,,
fra_tax,France,2019,4E,NA,,
fra_tax,France,2019,5,NA,,
fra_tax,France,2019,5A,NA,,
fra_tax,France,2019,5A1,NA,,
fra_tax,France,2019,5A2,NA,,
fra_tax,France,2020,0,NA,,
fra_tax,France,2020,1,NA,,
fra_tax,France,2020,1A,NA,,
fra_tax,France,2020,1A1,NA,,
fra_tax,France,2020,1A1A,NA,,
fra_tax,France,2020,1A1A1,NA,,
fra_tax,France,2020,1A1A2,NA,,
fra_tax,France,2020,1A1A3,NA,,
fra_tax,France,2020,1A1B,1,,
fra_tax,France,2020,1A1C,1,,
fra_tax,France,2020,1A2,NA,,
fra_tax,France,2020,1A2A,NA,,
fra_tax,France,2020,1A2B,NA,,
fra_tax,France,2020,1A2C,NA,,
fra_tax,France,2020,1A2D,NA,,
fra_tax,France,2020,1A2E,NA,,
fra_tax,France,2020,1A2F,NA,,
fra_tax,France,2020,1A2G,NA,,
fra_tax,France,2020,1A2H,NA,,
fra_tax,France,2020,1A2I,NA,,
fra_tax,France,2020,1A2J,NA,,
fra_tax,France,2020,1A2K,NA,,
fra_tax,France,2020,1A2L,NA,,
fra_tax,France,2020,1A2M,NA,,
fra_tax,France,2020,1A3,NA,,
fra_tax,France,2020,1A3A,NA,,
fra_tax,France,2020,1A3A1,NA,,
fra_tax,France,2020,1A3A2,NA,,
fra_tax,France,2020,1A3B,1,,
fra_tax,France,2020,1A3C,NA,,
fra_tax,France,2020,1A3D,NA,,
fra_tax,France,2020,1A3D1,NA,,
fra_tax,France,2020,1A3D2,NA,,
fra_tax,France,2020,1A3E,NA,,
fra_tax,France,2020,1A3E1,NA,,
fra_tax,France,2020,1A4,NA,,
fra_tax,France,2020,1A4A,1,,
fra_tax,France,2020,1A4B,1,,
fra_tax,France,2020,1A4C,NA,,
fra_tax,France,2020,1A4C1,NA,,
fra_tax,France,2020,1A4C2,NA,,
fra_tax,France,2020,1A4C3,NA,,
fra_tax,France,2020,1A5,NA,,
fra_tax,France,2020,1A5A,NA,,
fra_tax,France,2020,1A5B,NA,,
fra_tax,France,2020,1A5C,NA,,
fra_tax,France,2020,1B,NA,,
fra_tax,France,2020,1B1,NA,,
fra_tax,France,2020,1B1A,NA,,
fra_tax,France,2020,1B1A1,NA,,
fra_tax,France,2020,1B1A11,NA,,
fra_tax,France,2020,1B1A12,NA,,
fra_tax,France,2020,1B1A13,NA,,
fra_tax,France,2020,1B1A14,NA,,
fra_tax,France,2020,1B1A2,NA,,
fra_tax,France,2020,1B1A21,NA,,
fra_tax,France,2020,1B1A22,NA,,
fra_tax,France,2020,1B1B,NA,,
fra_tax,France,2020,1B2,NA,,
fra_tax,France,2020,1B2A,NA,,
fra_tax,France,2020,1B2A1,NA,,
fra_tax,France,2020,1B2A2,NA,,
fra_tax,France,2020,1B2A3,NA,,
fra_tax,France,2020,1B2A31,NA,,
fra_tax,France,2020,1B2A32,NA,,
fra_tax,France,2020,1B2A33,NA,,
fra_tax,France,2020,1B2A34,NA,,
fra_tax,France,2020,1B2A35,NA,,
fra_tax,France,2020,1B2A36,NA,,
fra_tax,France,2020,1B2B,NA,,
fra_tax,France,2020,1B2B1,NA,,
fra_tax,France,2020,1B2B2,NA,,
fra_tax,France,2020,1B2B3,NA,,
fra_tax,France,2020,1B2B31,NA,,
fra_tax,France,2020,1B2B32,NA,,
fra_tax,France,2020,1B2B33,NA,,
fra_tax,France,2020,1B2B34,NA,,
fra_tax,France,2020,1B2B35,NA,,
fra_tax,France,2020,1B2B36,NA,,
fra_tax,France,2020,1B3,NA,,
fra_tax,France,2020,1C,NA,,
fra_tax,France,2020,1C1,NA,,
fra_tax,France,2020,1C1A,NA,,
fra_tax,France,2020,1C1B,NA,,
fra_tax,France,2020,1C1C,NA,,
fra_tax,France,2020,1C2,NA,,
fra_tax,France,2020,1C2A,NA,,
fra_tax,France,2020,1C2B,NA,,
fra_tax,France,2020,1C3,NA,,
fra_tax,France,2020,2,NA,,
fra_tax,France,2020,20,NA,,
fra_tax,France,2020,200,NA,,
fra_tax,France,2020,2000,NA,,
fra_tax,France,2020,20000,NA,,
fra_tax,France,2020,200000,NA,,
fra_tax,France,2020,2A,NA,,
fra_tax,France,2020,2A1,NA,,
fra_tax,France,2020,2A2,NA,,
fra_tax,France,2020,2A3,NA,,
fra_tax,France,2020,2A4,NA,,
fra_tax,France,2020,2A4A,NA,,
fra_tax,France,2020,2A4B,NA,,
fra_tax,France,2020,2A4C,NA,,
fra_tax,France,2020,2A4D,NA,,
fra_tax,France,2020,2B,NA,,
fra_tax,France,2020,2B1,NA,,
fra_tax,France,2020,2B10,NA,,
fra_tax,France,2020,2B2,NA,,
fra_tax,France,2020,2B3,NA,,
fra_tax,France,2020,2B4,NA,,
fra_tax,France,2020,2B5,NA,,
fra_tax,France,2020,2B6,NA,,
fra_tax,France,2020,2B7,NA,,
fra_tax,France,2020,2B8,NA,,
fra_tax,France,2020,2B8A,NA,,
fra_tax,France,2020,2B8B,NA,,
fra_tax,France,2020,2B8C,NA,,
fra_tax,France,2020,2B8D,NA,,
fra_tax,France,2020,2B8E,NA,,
fra_tax,France,2020,2B8F,NA,,
fra_tax,France,2020,2B9,NA,,
fra_tax,France,2020,2B9A,NA,,
fra_tax,France,2020,2B9B,NA,,
fra_tax,France,2020,2C,NA,,
fra_tax,France,2020,2C1,NA,,
fra_tax,France,2020,2C2,NA,,
fra_tax,France,2020,2C3,NA,,
fra_tax,France,2020,2C4,NA,,
fra_tax,France,2020,2C5,NA,,
fra_tax,France,2020,2C6,NA,,
fra_tax,France,2020,2C7,NA,,
fra_tax,France,2020,2D,NA,,
fra_tax,France,2020,2D1,NA,,
fra_tax,France,2020,2D2,NA,,
fra_tax,France,2020,2D3,NA,,
fra_tax,France,2020,2D4,NA,,
fra_tax,France,2020,2E,NA,,
fra_tax,France,2020,2F,NA,,
fra_tax,France,2020,2F1,NA,,
fra_tax,France,2020,2F2,NA,,
fra_tax,France,2020,2F3,NA,,
fra_tax,France,2020,2F4,NA,,
fra_tax,France,2020,2F5,NA,,
fra_tax,France,2020,2F6,NA,,
fra_tax,France,2020,2G,NA,,
fra_tax,France,2020,2G1,NA,,
fra_tax,France,2020,2G2,NA,,
fra_tax,France,2020,2G3,NA,,
fra_tax,France,2020,2G4,NA,,
fra_tax,France,2020,2H,NA,,
fra_tax,France,2020,2H1,NA,,
fra_tax,France,2020,2H2,NA,,
fra_tax,France,2020,2H3,NA,,
fra_tax,France,2020,3,NA,,
fra_tax,France,2020,3A,NA,,
fra_tax,France,2020,3A1,NA,,
fra_tax,France,2020,3A2,NA,,
fra_tax,France,2020,3B,NA,,
fra_tax,France,2020,3B1,NA,,
fra_tax,France,2020,3B1A,NA,,
fra_tax,France,2020,3B1B,NA,,
fra_tax,France,2020,3B2,NA,,
fra_tax,France,2020,3B2A,NA,,
fra_tax,France,2020,3B2B,NA,,
fra_tax,France,2020,3B3,NA,,
fra_tax,France,2020,3B3A,NA,,
fra_tax,France,2020,3B3B,NA,,
fra_tax,France,2020,3B4,NA,,
fra_tax,France,2020,3B4A,NA,,
fra_tax,France,2020,3B4B,NA,,
fra_tax,France,2020,3B5,NA,,
fra_tax,France,2020,3B5A,NA,,
fra_tax,France,2020,3B5B,NA,,
fra_tax,France,2020,3B6,NA,,
fra_tax,France,2020,3B6A,NA,,
fra_tax,France,2020,3B6B,NA,,
fra_tax,France,2020,3B6B1,NA,,
fra_tax,France,2020,3B6B2,NA,,
fra_tax,France,2020,3B6B3,NA,,
fra_tax,France,2020,3B6B4,NA,,
fra_tax,France,2020,3B6B5,NA,,
fra_tax,France,2020,3C,NA,,
fra_tax,France,2020,3C1,NA,,
fra_tax,France,2020,3C2,NA,,
fra_tax,France,2020,3C3,NA,,
fra_tax,France,2020,3C4,NA,,
fra_tax,France,2020,3C5,NA,,
fra_tax,France,2020,3C6,NA,,
fra_tax,France,2020,3C7,NA,,
fra_tax,France,2020,3C8,NA,,
fra_tax,France,2020,3D,NA,,
fra_tax,France,2020,3D1,NA,,
fra_tax,France,2020,3D2,NA,,
fra_tax,France,2020,4,NA,,
fra_tax,France,2020,4A,NA,,
fra_tax,France,2020,4A1,NA,,
fra_tax,France,2020,4A2,NA,,
fra_tax,France,2020,4A3,NA,,
fra_tax,France,2020,4B,NA,,
fra_tax,France,2020,4C,NA,,
fra_tax,France,2020,4C1,NA,,
fra_tax,France,2020,4C2,NA,,
fra_tax,France,2020,4D,NA,,
fra_tax,France,2020,4D1,NA,,
fra_tax,France,2020,4D2,NA,,
fra_tax,France,2020,4E,NA,,
fra_tax,France,2020,5,NA,,
fra_tax,France,2020,5A,NA,,
fra_tax,France,2020,5A1,NA,,
fra_tax,France,2020,5A2,NA,,
fra_tax,France,2021,0,NA,,
fra_tax,France,2021,1,NA,,
fra_tax,France,2021,1A,NA,,
fra_tax,France,2021,1A1,NA,,
fra_tax,France,2021,1A1A,NA,,
fra_tax,France,2021,1A1A1,NA,,
fra_tax,France,2021,1A1A2,NA,,
fra_tax,France,2021,1A1A3,NA,,
fra_tax,France,2021,1A1B,1,,
fra_tax,France,2021,1A1C,1,,
fra_tax,France,2021,1A2,NA,,
fra_tax,France,2021,1A2A,NA,,
fra_tax,France,2021,1A2B,NA,,
fra_tax,France,2021,1A2C,NA,,
fra_tax,France,2021,1A2D,NA,,
fra_tax,France,2021,1A2E,NA,,
fra_tax,France,2021,1A2F,NA,,
fra_tax,France,2021,1A2G,NA,,
fra_tax,France,2021,1A2H,NA,,
fra_tax,France,2021,1A2I,NA,,
fra_tax,France,2021,1A2J,NA,,
fra_tax,France,2021,1A2K,NA,,
fra_tax,France,2021,1A2L,NA,,
fra_tax,France,2021,1A2M,NA,,
fra_tax,France,2021,1A3,NA,,
fra_tax,France,2021,1A3A,NA,,
fra_tax,France,2021,1A3A1,NA,,
fra_tax,France,2021,1A3A2,NA,,
fra_tax,France,2021,1A3B,1,,
fra_tax,France,2021,1A3C,NA,,
fra_tax,France,2021,1A3D,NA,,
fra_tax,France,2021,1A3D1,NA,,
fra_tax,France,2021,1A3D2,NA,,
fra_tax,France,2021,1A3E,NA,,
fra_tax,France,2021,1A3E1,NA,,
fra_tax,France,2021,1A4,NA,,
fra_tax,France,2021,1A4A,1,,
fra_tax,France,2021,1A4B,1,,
fra_tax,France,2021,1A4C,NA,,
fra_tax,France,2021,1A4C1,NA,,
fra_tax,France,2021,1A4C2,NA,,
fra_tax,France,2021,1A4C3,NA,,
fra_tax,France,2021,1A5,NA,,
fra_tax,France,2021,1A5A,NA,,
fra_tax,France,2021,1A5B,NA,,
fra_tax,France,2021,1A5C,NA,,
fra_tax,France,2021,1B,NA,,
fra_tax,France,2021,1B1,NA,,
fra_tax,France,2021,1B1A,NA,,
fra_tax,France,2021,1B1A1,NA,,
fra_tax,France,2021,1B1A11,NA,,
fra_tax,France,2021,1B1A12,NA,,
fra_tax,France,2021,1B1A13,NA,,
fra_tax,France,2021,1B1A14,NA,,
fra_tax,France,2021,1B1A2,NA,,
fra_tax,France,2021,1B1A21,NA,,
fra_tax,France,2021,1B1A22,NA,,
fra_tax,France,2021,1B1B,NA,,
fra_tax,France,2021,1B2,NA,,
fra_tax,France,2021,1B2A,NA,,
fra_tax,France,2021,1B2A1,NA,,
fra_tax,France,2021,1B2A2,NA,,
fra_tax,France,2021,1B2A3,NA,,
fra_tax,France,2021,1B2A31,NA,,
fra_tax,France,2021,1B2A32,NA,,
fra_tax,France,2021,1B2A33,NA,,
fra_tax,France,2021,1B2A34,NA,,
fra_tax,France,2021,1B2A35,NA,,
fra_tax,France,2021,1B2A36,NA,,
fra_tax,France,2021,1B2B,NA,,
fra_tax,France,2021,1B2B1,NA,,
fra_tax,France,2021,1B2B2,NA,,
fra_tax,France,2021,1B2B3,NA,,
fra_tax,France,2021,1B2B31,NA,,
fra_tax,France,2021,1B2B32,NA,,
fra_tax,France,2021,1B2B33,NA,,
fra_tax,France,2021,1B2B34,NA,,
fra_tax,France,2021,1B2B35,NA,,
fra_tax,France,2021,1B2B36,NA,,
fra_tax,France,2021,1B3,NA,,
fra_tax,France,2021,1C,NA,,
fra_tax,France,2021,1C1,NA,,
fra_tax,France,2021,1C1A,NA,,
fra_tax,France,2021,1C1B,NA,,
fra_tax,France,2021,1C1C,NA,,
fra_tax,France,2021,1C2,NA,,
fra_tax,France,2021,1C2A,NA,,
fra_tax,France,2021,1C2B,NA,,
fra_tax,France,2021,1C3,NA,,
fra_tax,France,2021,2,NA,,
fra_tax,France,2021,20,NA,,
fra_tax,France,2021,200,NA,,
fra_tax,France,2021,2000,NA,,
fra_tax,France,2021,20000,NA,,
fra_tax,France,2021,200000,NA,,
fra_tax,France,2021,2A,NA,,
fra_tax,France,2021,2A1,NA,,
fra_tax,France,2021,2A2,NA,,
fra_tax,France,2021,2A3,NA,,
fra_tax,France,2021,2A4,NA,,
fra_tax,France,2021,2A4A,NA,,
fra_tax,France,2021,2A4B,NA,,
fra_tax,France,2021,2A4C,NA,,
fra_tax,France,2021,2A4D,NA,,
fra_tax,France,2021,2B,NA,,
fra_tax,France,2021,2B1,NA,,
fra_tax,France,2021,2B10,NA,,
fra_tax,France,2021,2B2,NA,,
fra_tax,France,2021,2B3,NA,,
fra_tax,France,2021,2B4,NA,,
fra_tax,France,2021,2B5,NA,,
fra_tax,France,2021,2B6,NA,,
fra_tax,France,2021,2B7,NA,,
fra_tax,France,2021,2B8,NA,,
fra_tax,France,2021,2B8A,NA,,
fra_tax,France,2021,2B8B,NA,,
fra_tax,France,2021,2B8C,NA,,
fra_tax,France,2021,2B8D,NA,,
fra_tax,France,2021,2B8E,NA,,
fra_tax,France,2021,2B8F,NA,,
fra_tax,France,2021,2B9,NA,,
fra_tax,France,2021,2B9A,NA,,
fra_tax,France,2021,2B9B,NA,,
fra_tax,France,2021,2C,NA,,
fra_tax,France,2021,2C1,NA,,
fra_tax,France,2021,2C2,NA,,
fra_tax,France,2021,2C3,NA,,
fra_tax,France,2021,2C4,NA,,
fra_tax,France,2021,2C5,NA,,
fra_tax,France,2021,2C6,NA,,
fra_tax,France,2021,2C7,NA,,
fra_tax,France,2021,2D,NA,,
fra_tax,France,2021,2D1,NA,,
fra_tax,France,2021,2D2,NA,,
fra_tax,France,2021,2D3,NA,,
fra_tax,France,2021,2D4,NA,,
fra_tax,France,2021,2E,NA,,
fra_tax,France,2021,2F,NA,,
fra_tax,France,2021,2F1,NA,,
fra_tax,France,2021,2F2,NA,,
fra_tax,France,2021,2F3,NA,,
fra_tax,France,2021,2F4,NA,,
fra_tax,France,2021,2F5,NA,,
fra_tax,France,2021,2F6,NA,,
fra_tax,France,2021,2G,NA,,
fra_tax,France,2021,2G1,NA,,
fra_tax,France,2021,2G2,NA,,
fra_tax,France,2021,2G3,NA,,
fra_tax,France,2021,2G4,NA,,
fra_tax,France,2021,2H,NA,,
fra_tax,France,2021,2H1,NA,,
fra_tax,France,2021,2H2,NA,,
fra_tax,France,2021,2H3,NA,,
fra_tax,France,2021,3,NA,,
fra_tax,France,2021,3A,NA,,
fra_tax,France,2021,3A1,NA,,
fra_tax,France,2021,3A2,NA,,
fra_tax,France,2021,3B,NA,,
fra_tax,France,2021,3B1,NA,,
fra_tax,France,2021,3B1A,NA,,
fra_tax,France,2021,3B1B,NA,,
fra_tax,France,2021,3B2,NA,,
fra_tax,France,2021,3B2A,NA,,
fra_tax,France,2021,3B2B,NA,,
fra_tax,France,2021,3B3,NA,,
fra_tax,France,2021,3B3A,NA,,
fra_tax,France,2021,3B3B,NA,,
fra_tax,France,2021,3B4,NA,,
fra_tax,France,2021,3B4A,NA,,
fra_tax,France,2021,3B4B,NA,,
fra_tax,France,2021,3B5,NA,,
fra_tax,France,2021,3B5A,NA,,
fra_tax,France,2021,3B5B,NA,,
fra_tax,France,2021,3B6,NA,,
fra_tax,France,2021,3B6A,NA,,
fra_tax,France,2021,3B6B,NA,,
fra_tax,France,2021,3B6B1,NA,,
fra_tax,France,2021,3B6B2,NA,,
fra_tax,France,2021,3B6B3,NA,,
fra_tax,France,2021,3B6B4,NA,,
fra_tax,France,2021,3B6B5,NA,,
fra_tax,France,2021,3C,NA,,
fra_tax,France,2021,3C1,NA,,
fra_tax,France,2021,3C2,NA,,
fra_tax,France,2021,3C3,NA,,
fra_tax,France,2021,3C4,NA,,
fra_tax,France,2021,3C5,NA,,
fra_tax,France,2021,3C6,NA,,
fra_tax,France,2021,3C7,NA,,
fra_tax,France,2021,3C8,NA,,
fra_tax,France,2021,3D,NA,,
fra_tax,France,2021,3D1,NA,,
fra_tax,France,2021,3D2,NA,,
fra_tax,France,2021,4,NA,,
fra_tax,France,2021,4A,NA,,
fra_tax,France,2021,4A1,NA,,
fra_tax,France,2021,4A2,NA,,
fra_tax,France,2021,4A3,NA,,
fra_tax,France,2021,4B,NA,,
fra_tax,France,2021,4C,NA,,
fra_tax,France,2021,4C1,NA,,
fra_tax,France,2021,4C2,NA,,
fra_tax,France,2021,4D,NA,,
fra_tax,France,2021,4D1,NA,,
fra_tax,France,2021,4D2,NA,,
fra_tax,France,2021,4E,NA,,
fra_tax,France,2021,5,NA,,
fra_tax,France,2021,5A,NA,,
fra_tax,France,2021,5A1,NA,,
fra_tax,France,2021,5A2,NA,,