jurisdiction,year,ipcc_code,Product,ets,ets_price,tax,tax_rate_excl_ex_clcu,tax_ex_rate
Philippines,1989,0,NA,NA,NA,NA,NA,NA
Philippines,1989,1,NA,NA,NA,NA,NA,NA
Philippines,1989,2,NA,NA,NA,NA,NA,NA
Philippines,1989,3,NA,NA,NA,NA,NA,NA
Philippines,1989,4,NA,NA,NA,NA,NA,NA
Philippines,1989,5,NA,NA,NA,NA,NA,NA
Philippines,1989,1A,Coal,NA,NA,NA,NA,NA
Philippines,1989,1A,Natural gas,NA,NA,NA,NA,NA
Philippines,1989,1A,Oil,NA,NA,NA,NA,NA
Philippines,1989,1A1,Coal,NA,NA,NA,NA,NA
Philippines,1989,1A1,Natural gas,NA,NA,NA,NA,NA
Philippines,1989,1A1,Oil,NA,NA,NA,NA,NA
Philippines,1989,1A1A,Coal,NA,NA,NA,NA,NA
Philippines,1989,1A1A,Natural gas,NA,NA,NA,NA,NA
Philippines,1989,1A1A,Oil,NA,NA,NA,NA,NA
Philippines,1989,1A1A1,Coal,NA,NA,NA,NA,NA
Philippines,1989,1A1A1,Natural gas,NA,NA,NA,NA,NA
Philippines,1989,1A1A1,Oil,NA,NA,NA,NA,NA
Philippines,1989,1A1A2,Coal,NA,NA,NA,NA,NA
Philippines,1989,1A1A2,Natural gas,NA,NA,NA,NA,NA
Philippines,1989,1A1A2,Oil,NA,NA,NA,NA,NA
Philippines,1989,1A1A3,Coal,NA,NA,NA,NA,NA
Philippines,1989,1A1A3,Natural gas,NA,NA,NA,NA,NA
Philippines,1989,1A1A3,Oil,NA,NA,NA,NA,NA
Philippines,1989,1A1B,Coal,NA,NA,NA,NA,NA
Philippines,1989,1A1B,Natural gas,NA,NA,NA,NA,NA
Philippines,1989,1A1B,Oil,NA,NA,NA,NA,NA
Philippines,1989,1A1C,Coal,NA,NA,NA,NA,NA
Philippines,1989,1A1C,Natural gas,NA,NA,NA,NA,NA
Philippines,1989,1A1C,Oil,NA,NA,NA,NA,NA
Philippines,1989,1A2,Coal,NA,NA,NA,NA,NA
Philippines,1989,1A2,Natural gas,NA,NA,NA,NA,NA
Philippines,1989,1A2,Oil,NA,NA,NA,NA,NA
Philippines,1989,1A2A,Coal,NA,NA,NA,NA,NA
Philippines,1989,1A2A,Natural gas,NA,NA,NA,NA,NA
Philippines,1989,1A2A,Oil,NA,NA,NA,NA,NA
Philippines,1989,1A2B,Coal,NA,NA,NA,NA,NA
Philippines,1989,1A2B,Natural gas,NA,NA,NA,NA,NA
Philippines,1989,1A2B,Oil,NA,NA,NA,NA,NA
Philippines,1989,1A2C,Coal,NA,NA,NA,NA,NA
Philippines,1989,1A2C,Natural gas,NA,NA,NA,NA,NA
Philippines,1989,1A2C,Oil,NA,NA,NA,NA,NA
Philippines,1989,1A2D,Coal,NA,NA,NA,NA,NA
Philippines,1989,1A2D,Natural gas,NA,NA,NA,NA,NA
Philippines,1989,1A2D,Oil,NA,NA,NA,NA,NA
Philippines,1989,1A2E,Coal,NA,NA,NA,NA,NA
Philippines,1989,1A2E,Natural gas,NA,NA,NA,NA,NA
Philippines,1989,1A2E,Oil,NA,NA,NA,NA,NA
Philippines,1989,1A2F,Coal,NA,NA,NA,NA,NA
Philippines,1989,1A2F,Natural gas,NA,NA,NA,NA,NA
Philippines,1989,1A2F,Oil,NA,NA,NA,NA,NA
Philippines,1989,1A2G,Coal,NA,NA,NA,NA,NA
Philippines,1989,1A2G,Natural gas,NA,NA,NA,NA,NA
Philippines,1989,1A2G,Oil,NA,NA,NA,NA,NA
Philippines,1989,1A2H,Coal,NA,NA,NA,NA,NA
Philippines,1989,1A2H,Natural gas,NA,NA,NA,NA,NA
Philippines,1989,1A2H,Oil,NA,NA,NA,NA,NA
Philippines,1989,1A2I,Coal,NA,NA,NA,NA,NA
Philippines,1989,1A2I,Natural gas,NA,NA,NA,NA,NA
Philippines,1989,1A2I,Oil,NA,NA,NA,NA,NA
Philippines,1989,1A2J,Coal,NA,NA,NA,NA,NA
Philippines,1989,1A2J,Natural gas,NA,NA,NA,NA,NA
Philippines,1989,1A2J,Oil,NA,NA,NA,NA,NA
Philippines,1989,1A2K,Coal,NA,NA,NA,NA,NA
Philippines,1989,1A2K,Natural gas,NA,NA,NA,NA,NA
Philippines,1989,1A2K,Oil,NA,NA,NA,NA,NA
Philippines,1989,1A2L,Coal,NA,NA,NA,NA,NA
Philippines,1989,1A2L,Natural gas,NA,NA,NA,NA,NA
Philippines,1989,1A2L,Oil,NA,NA,NA,NA,NA
Philippines,1989,1A2M,Coal,NA,NA,NA,NA,NA
Philippines,1989,1A2M,Natural gas,NA,NA,NA,NA,NA
Philippines,1989,1A2M,Oil,NA,NA,NA,NA,NA
Philippines,1989,1A3,Coal,NA,NA,NA,NA,NA
Philippines,1989,1A3,Natural gas,NA,NA,NA,NA,NA
Philippines,1989,1A3,Oil,NA,NA,NA,NA,NA
Philippines,1989,1A3A,Coal,NA,NA,NA,NA,NA
Philippines,1989,1A3A,Natural gas,NA,NA,NA,NA,NA
Philippines,1989,1A3A,Oil,NA,NA,NA,NA,NA
Philippines,1989,1A3A1,Coal,NA,NA,NA,NA,NA
Philippines,1989,1A3A1,Natural gas,NA,NA,NA,NA,NA
Philippines,1989,1A3A1,Oil,NA,NA,NA,NA,NA
Philippines,1989,1A3A2,Coal,NA,NA,NA,NA,NA
Philippines,1989,1A3A2,Natural gas,NA,NA,NA,NA,NA
Philippines,1989,1A3A2,Oil,NA,NA,NA,NA,NA
Philippines,1989,1A3B,Coal,NA,NA,NA,NA,NA
Philippines,1989,1A3B,Natural gas,NA,NA,NA,NA,NA
Philippines,1989,1A3B,Oil,NA,NA,NA,NA,NA
Philippines,1989,1A3C,Coal,NA,NA,NA,NA,NA
Philippines,1989,1A3C,Natural gas,NA,NA,NA,NA,NA
Philippines,1989,1A3C,Oil,NA,NA,NA,NA,NA
Philippines,1989,1A3D,Coal,NA,NA,NA,NA,NA
Philippines,1989,1A3D,Natural gas,NA,NA,NA,NA,NA
Philippines,1989,1A3D,Oil,NA,NA,NA,NA,NA
Philippines,1989,1A3D1,Coal,NA,NA,NA,NA,NA
Philippines,1989,1A3D1,Natural gas,NA,NA,NA,NA,NA
Philippines,1989,1A3D1,Oil,NA,NA,NA,NA,NA
Philippines,1989,1A3D2,Coal,NA,NA,NA,NA,NA
Philippines,1989,1A3D2,Natural gas,NA,NA,NA,NA,NA
Philippines,1989,1A3D2,Oil,NA,NA,NA,NA,NA
Philippines,1989,1A3E,Coal,NA,NA,NA,NA,NA
Philippines,1989,1A3E,Natural gas,NA,NA,NA,NA,NA
Philippines,1989,1A3E,Oil,NA,NA,NA,NA,NA
Philippines,1989,1A3E1,Coal,NA,NA,NA,NA,NA
Philippines,1989,1A3E1,Natural gas,NA,NA,NA,NA,NA
Philippines,1989,1A3E1,Oil,NA,NA,NA,NA,NA
Philippines,1989,1A4,Coal,NA,NA,NA,NA,NA
Philippines,1989,1A4,Natural gas,NA,NA,NA,NA,NA
Philippines,1989,1A4,Oil,NA,NA,NA,NA,NA
Philippines,1989,1A4A,Coal,NA,NA,NA,NA,NA
Philippines,1989,1A4A,Natural gas,NA,NA,NA,NA,NA
Philippines,1989,1A4A,Oil,NA,NA,NA,NA,NA
Philippines,1989,1A4B,Coal,NA,NA,NA,NA,NA
Philippines,1989,1A4B,Natural gas,NA,NA,NA,NA,NA
Philippines,1989,1A4B,Oil,NA,NA,NA,NA,NA
Philippines,1989,1A4C,Coal,NA,NA,NA,NA,NA
Philippines,1989,1A4C,Natural gas,NA,NA,NA,NA,NA
Philippines,1989,1A4C,Oil,NA,NA,NA,NA,NA
Philippines,1989,1A4C1,Coal,NA,NA,NA,NA,NA
Philippines,1989,1A4C1,Natural gas,NA,NA,NA,NA,NA
Philippines,1989,1A4C1,Oil,NA,NA,NA,NA,NA
Philippines,1989,1A4C2,Coal,NA,NA,NA,NA,NA
Philippines,1989,1A4C2,Natural gas,NA,NA,NA,NA,NA
Philippines,1989,1A4C2,Oil,NA,NA,NA,NA,NA
Philippines,1989,1A4C3,Coal,NA,NA,NA,NA,NA
Philippines,1989,1A4C3,Natural gas,NA,NA,NA,NA,NA
Philippines,1989,1A4C3,Oil,NA,NA,NA,NA,NA
Philippines,1989,1A5,Coal,NA,NA,NA,NA,NA
Philippines,1989,1A5,Natural gas,NA,NA,NA,NA,NA
Philippines,1989,1A5,Oil,NA,NA,NA,NA,NA
Philippines,1989,1A5A,Coal,NA,NA,NA,NA,NA
Philippines,1989,1A5A,Natural gas,NA,NA,NA,NA,NA
Philippines,1989,1A5A,Oil,NA,NA,NA,NA,NA
Philippines,1989,1A5B,Coal,NA,NA,NA,NA,NA
Philippines,1989,1A5B,Natural gas,NA,NA,NA,NA,NA
Philippines,1989,1A5B,Oil,NA,NA,NA,NA,NA
Philippines,1989,1A5C,Coal,NA,NA,NA,NA,NA
Philippines,1989,1A5C,Natural gas,NA,NA,NA,NA,NA
Philippines,1989,1A5C,Oil,NA,NA,NA,NA,NA
Philippines,1989,1B,NA,NA,NA,NA,NA,NA
Philippines,1989,1B1,NA,NA,NA,NA,NA,NA
Philippines,1989,1B1A,NA,NA,NA,NA,NA,NA
Philippines,1989,1B1A1,NA,NA,NA,NA,NA,NA
Philippines,1989,1B1A11,NA,NA,NA,NA,NA,NA
Philippines,1989,1B1A12,NA,NA,NA,NA,NA,NA
Philippines,1989,1B1A13,NA,NA,NA,NA,NA,NA
Philippines,1989,1B1A14,NA,NA,NA,NA,NA,NA
Philippines,1989,1B1A2,NA,NA,NA,NA,NA,NA
Philippines,1989,1B1A21,NA,NA,NA,NA,NA,NA
Philippines,1989,1B1A22,NA,NA,NA,NA,NA,NA
Philippines,1989,1B1B,NA,NA,NA,NA,NA,NA
Philippines,1989,1B2,NA,NA,NA,NA,NA,NA
Philippines,1989,1B2A,NA,NA,NA,NA,NA,NA
Philippines,1989,1B2A1,NA,NA,NA,NA,NA,NA
Philippines,1989,1B2A2,NA,NA,NA,NA,NA,NA
Philippines,1989,1B2A3,NA,NA,NA,NA,NA,NA
Philippines,1989,1B2A31,NA,NA,NA,NA,NA,NA
Philippines,1989,1B2A32,NA,NA,NA,NA,NA,NA
Philippines,1989,1B2A33,NA,NA,NA,NA,NA,NA
Philippines,1989,1B2A34,NA,NA,NA,NA,NA,NA
Philippines,1989,1B2A35,NA,NA,NA,NA,NA,NA
Philippines,1989,1B2A36,NA,NA,NA,NA,NA,NA
Philippines,1989,1B2B,NA,NA,NA,NA,NA,NA
Philippines,1989,1B2B1,NA,NA,NA,NA,NA,NA
Philippines,1989,1B2B2,NA,NA,NA,NA,NA,NA
Philippines,1989,1B2B3,NA,NA,NA,NA,NA,NA
Philippines,1989,1B2B31,NA,NA,NA,NA,NA,NA
Philippines,1989,1B2B32,NA,NA,NA,NA,NA,NA
Philippines,1989,1B2B33,NA,NA,NA,NA,NA,NA
Philippines,1989,1B2B34,NA,NA,NA,NA,NA,NA
Philippines,1989,1B2B35,NA,NA,NA,NA,NA,NA
Philippines,1989,1B2B36,NA,NA,NA,NA,NA,NA
Philippines,1989,1B3,NA,NA,NA,NA,NA,NA
Philippines,1989,1C,NA,NA,NA,NA,NA,NA
Philippines,1989,1C1,NA,NA,NA,NA,NA,NA
Philippines,1989,1C1A,NA,NA,NA,NA,NA,NA
Philippines,1989,1C1B,NA,NA,NA,NA,NA,NA
Philippines,1989,1C1C,NA,NA,NA,NA,NA,NA
Philippines,1989,1C2,NA,NA,NA,NA,NA,NA
Philippines,1989,1C2A,NA,NA,NA,NA,NA,NA
Philippines,1989,1C2B,NA,NA,NA,NA,NA,NA
Philippines,1989,1C3,NA,NA,NA,NA,NA,NA
Philippines,1989,2A,NA,NA,NA,NA,NA,NA
Philippines,1989,2A1,NA,NA,NA,NA,NA,NA
Philippines,1989,2A2,NA,NA,NA,NA,NA,NA
Philippines,1989,2A3,NA,NA,NA,NA,NA,NA
Philippines,1989,2A4,NA,NA,NA,NA,NA,NA
Philippines,1989,2A4A,NA,NA,NA,NA,NA,NA
Philippines,1989,2A4B,NA,NA,NA,NA,NA,NA
Philippines,1989,2A4C,NA,NA,NA,NA,NA,NA
Philippines,1989,2A4D,NA,NA,NA,NA,NA,NA
Philippines,1989,2B,NA,NA,NA,NA,NA,NA
Philippines,1989,2B1,NA,NA,NA,NA,NA,NA
Philippines,1989,2B10,NA,NA,NA,NA,NA,NA
Philippines,1989,2B2,NA,NA,NA,NA,NA,NA
Philippines,1989,2B3,NA,NA,NA,NA,NA,NA
Philippines,1989,2B4,NA,NA,NA,NA,NA,NA
Philippines,1989,2B5,NA,NA,NA,NA,NA,NA
Philippines,1989,2B6,NA,NA,NA,NA,NA,NA
Philippines,1989,2B7,NA,NA,NA,NA,NA,NA
Philippines,1989,2B8,NA,NA,NA,NA,NA,NA
Philippines,1989,2B8A,NA,NA,NA,NA,NA,NA
Philippines,1989,2B8B,NA,NA,NA,NA,NA,NA
Philippines,1989,2B8C,NA,NA,NA,NA,NA,NA
Philippines,1989,2B8D,NA,NA,NA,NA,NA,NA
Philippines,1989,2B8E,NA,NA,NA,NA,NA,NA
Philippines,1989,2B8F,NA,NA,NA,NA,NA,NA
Philippines,1989,2B9,NA,NA,NA,NA,NA,NA
Philippines,1989,2B9A,NA,NA,NA,NA,NA,NA
Philippines,1989,2B9B,NA,NA,NA,NA,NA,NA
Philippines,1989,2C,NA,NA,NA,NA,NA,NA
Philippines,1989,2C1,NA,NA,NA,NA,NA,NA
Philippines,1989,2C2,NA,NA,NA,NA,NA,NA
Philippines,1989,2C3,NA,NA,NA,NA,NA,NA
Philippines,1989,2C4,NA,NA,NA,NA,NA,NA
Philippines,1989,2C5,NA,NA,NA,NA,NA,NA
Philippines,1989,2C6,NA,NA,NA,NA,NA,NA
Philippines,1989,2C7,NA,NA,NA,NA,NA,NA
Philippines,1989,2D,NA,NA,NA,NA,NA,NA
Philippines,1989,2D1,NA,NA,NA,NA,NA,NA
Philippines,1989,2D2,NA,NA,NA,NA,NA,NA
Philippines,1989,2D3,NA,NA,NA,NA,NA,NA
Philippines,1989,2D4,NA,NA,NA,NA,NA,NA
Philippines,1989,2E,NA,NA,NA,NA,NA,NA
Philippines,1989,2E1,NA,NA,NA,NA,NA,NA
Philippines,1989,2E2,NA,NA,NA,NA,NA,NA
Philippines,1989,2E3,NA,NA,NA,NA,NA,NA
Philippines,1989,2E4,NA,NA,NA,NA,NA,NA
Philippines,1989,2E5,NA,NA,NA,NA,NA,NA
Philippines,1989,2F,NA,NA,NA,NA,NA,NA
Philippines,1989,2F1,NA,NA,NA,NA,NA,NA
Philippines,1989,2F2,NA,NA,NA,NA,NA,NA
Philippines,1989,2F3,NA,NA,NA,NA,NA,NA
Philippines,1989,2F4,NA,NA,NA,NA,NA,NA
Philippines,1989,2F5,NA,NA,NA,NA,NA,NA
Philippines,1989,2F6,NA,NA,NA,NA,NA,NA
Philippines,1989,2G,NA,NA,NA,NA,NA,NA
Philippines,1989,2G1,NA,NA,NA,NA,NA,NA
Philippines,1989,2G2,NA,NA,NA,NA,NA,NA
Philippines,1989,2G3,NA,NA,NA,NA,NA,NA
Philippines,1989,2G4,NA,NA,NA,NA,NA,NA
Philippines,1989,2H,NA,NA,NA,NA,NA,NA
Philippines,1989,2H1,NA,NA,NA,NA,NA,NA
Philippines,1989,2H2,NA,NA,NA,NA,NA,NA
Philippines,1989,2H3,NA,NA,NA,NA,NA,NA
Philippines,1989,3A,NA,NA,NA,NA,NA,NA
Philippines,1989,3A1,NA,NA,NA,NA,NA,NA
Philippines,1989,3A2,NA,NA,NA,NA,NA,NA
Philippines,1989,3B,NA,NA,NA,NA,NA,NA
Philippines,1989,3B1,NA,NA,NA,NA,NA,NA
Philippines,1989,3B1A,NA,NA,NA,NA,NA,NA
Philippines,1989,3B1B,NA,NA,NA,NA,NA,NA
Philippines,1989,3B2,NA,NA,NA,NA,NA,NA
Philippines,1989,3B2A,NA,NA,NA,NA,NA,NA
Philippines,1989,3B2B,NA,NA,NA,NA,NA,NA
Philippines,1989,3B3,NA,NA,NA,NA,NA,NA
Philippines,1989,3B3A,NA,NA,NA,NA,NA,NA
Philippines,1989,3B3B,NA,NA,NA,NA,NA,NA
Philippines,1989,3B4,NA,NA,NA,NA,NA,NA
Philippines,1989,3B4A,NA,NA,NA,NA,NA,NA
Philippines,1989,3B4B,NA,NA,NA,NA,NA,NA
Philippines,1989,3B5,NA,NA,NA,NA,NA,NA
Philippines,1989,3B5A,NA,NA,NA,NA,NA,NA
Philippines,1989,3B5B,NA,NA,NA,NA,NA,NA
Philippines,1989,3B6,NA,NA,NA,NA,NA,NA
Philippines,1989,3B6A,NA,NA,NA,NA,NA,NA
Philippines,1989,3B6B,NA,NA,NA,NA,NA,NA
Philippines,1989,3B6B1,NA,NA,NA,NA,NA,NA
Philippines,1989,3B6B2,NA,NA,NA,NA,NA,NA
Philippines,1989,3B6B3,NA,NA,NA,NA,NA,NA
Philippines,1989,3B6B4,NA,NA,NA,NA,NA,NA
Philippines,1989,3B6B5,NA,NA,NA,NA,NA,NA
Philippines,1989,3C,NA,NA,NA,NA,NA,NA
Philippines,1989,3C1,NA,NA,NA,NA,NA,NA
Philippines,1989,3C2,NA,NA,NA,NA,NA,NA
Philippines,1989,3C3,NA,NA,NA,NA,NA,NA
Philippines,1989,3C4,NA,NA,NA,NA,NA,NA
Philippines,1989,3C5,NA,NA,NA,NA,NA,NA
Philippines,1989,3C6,NA,NA,NA,NA,NA,NA
Philippines,1989,3C7,NA,NA,NA,NA,NA,NA
Philippines,1989,3C8,NA,NA,NA,NA,NA,NA
Philippines,1989,3D,NA,NA,NA,NA,NA,NA
Philippines,1989,3D1,NA,NA,NA,NA,NA,NA
Philippines,1989,3D2,NA,NA,NA,NA,NA,NA
Philippines,1989,4A,NA,NA,NA,NA,NA,NA
Philippines,1989,4A1,NA,NA,NA,NA,NA,NA
Philippines,1989,4A2,NA,NA,NA,NA,NA,NA
Philippines,1989,4A3,NA,NA,NA,NA,NA,NA
Philippines,1989,4B,NA,NA,NA,NA,NA,NA
Philippines,1989,4C,NA,NA,NA,NA,NA,NA
Philippines,1989,4C1,NA,NA,NA,NA,NA,NA
Philippines,1989,4C2,NA,NA,NA,NA,NA,NA
Philippines,1989,4D,NA,NA,NA,NA,NA,NA
Philippines,1989,4D1,NA,NA,NA,NA,NA,NA
Philippines,1989,4D2,NA,NA,NA,NA,NA,NA
Philippines,1989,4E,NA,NA,NA,NA,NA,NA
Philippines,1989,5A,NA,NA,NA,NA,NA,NA
Philippines,1989,5A1,NA,NA,NA,NA,NA,NA
Philippines,1989,5A2,NA,NA,NA,NA,NA,NA
Philippines,1990,0,NA,NA,NA,NA,NA,NA
Philippines,1990,1,NA,NA,NA,NA,NA,NA
Philippines,1990,2,NA,NA,NA,NA,NA,NA
Philippines,1990,3,NA,NA,NA,NA,NA,NA
Philippines,1990,4,NA,NA,NA,NA,NA,NA
Philippines,1990,5,NA,NA,NA,NA,NA,NA
Philippines,1990,1A,Coal,NA,NA,NA,NA,NA
Philippines,1990,1A,Natural gas,NA,NA,NA,NA,NA
Philippines,1990,1A,Oil,NA,NA,NA,NA,NA
Philippines,1990,1A1,Coal,NA,NA,NA,NA,NA
Philippines,1990,1A1,Natural gas,NA,NA,NA,NA,NA
Philippines,1990,1A1,Oil,NA,NA,NA,NA,NA
Philippines,1990,1A1A,Coal,NA,NA,NA,NA,NA
Philippines,1990,1A1A,Natural gas,NA,NA,NA,NA,NA
Philippines,1990,1A1A,Oil,NA,NA,NA,NA,NA
Philippines,1990,1A1A1,Coal,NA,NA,NA,NA,NA
Philippines,1990,1A1A1,Natural gas,NA,NA,NA,NA,NA
Philippines,1990,1A1A1,Oil,NA,NA,NA,NA,NA
Philippines,1990,1A1A2,Coal,NA,NA,NA,NA,NA
Philippines,1990,1A1A2,Natural gas,NA,NA,NA,NA,NA
Philippines,1990,1A1A2,Oil,NA,NA,NA,NA,NA
Philippines,1990,1A1A3,Coal,NA,NA,NA,NA,NA
Philippines,1990,1A1A3,Natural gas,NA,NA,NA,NA,NA
Philippines,1990,1A1A3,Oil,NA,NA,NA,NA,NA
Philippines,1990,1A1B,Coal,NA,NA,NA,NA,NA
Philippines,1990,1A1B,Natural gas,NA,NA,NA,NA,NA
Philippines,1990,1A1B,Oil,NA,NA,NA,NA,NA
Philippines,1990,1A1C,Coal,NA,NA,NA,NA,NA
Philippines,1990,1A1C,Natural gas,NA,NA,NA,NA,NA
Philippines,1990,1A1C,Oil,NA,NA,NA,NA,NA
Philippines,1990,1A2,Coal,NA,NA,NA,NA,NA
Philippines,1990,1A2,Natural gas,NA,NA,NA,NA,NA
Philippines,1990,1A2,Oil,NA,NA,NA,NA,NA
Philippines,1990,1A2A,Coal,NA,NA,NA,NA,NA
Philippines,1990,1A2A,Natural gas,NA,NA,NA,NA,NA
Philippines,1990,1A2A,Oil,NA,NA,NA,NA,NA
Philippines,1990,1A2B,Coal,NA,NA,NA,NA,NA
Philippines,1990,1A2B,Natural gas,NA,NA,NA,NA,NA
Philippines,1990,1A2B,Oil,NA,NA,NA,NA,NA
Philippines,1990,1A2C,Coal,NA,NA,NA,NA,NA
Philippines,1990,1A2C,Natural gas,NA,NA,NA,NA,NA
Philippines,1990,1A2C,Oil,NA,NA,NA,NA,NA
Philippines,1990,1A2D,Coal,NA,NA,NA,NA,NA
Philippines,1990,1A2D,Natural gas,NA,NA,NA,NA,NA
Philippines,1990,1A2D,Oil,NA,NA,NA,NA,NA
Philippines,1990,1A2E,Coal,NA,NA,NA,NA,NA
Philippines,1990,1A2E,Natural gas,NA,NA,NA,NA,NA
Philippines,1990,1A2E,Oil,NA,NA,NA,NA,NA
Philippines,1990,1A2F,Coal,NA,NA,NA,NA,NA
Philippines,1990,1A2F,Natural gas,NA,NA,NA,NA,NA
Philippines,1990,1A2F,Oil,NA,NA,NA,NA,NA
Philippines,1990,1A2G,Coal,NA,NA,NA,NA,NA
Philippines,1990,1A2G,Natural gas,NA,NA,NA,NA,NA
Philippines,1990,1A2G,Oil,NA,NA,NA,NA,NA
Philippines,1990,1A2H,Coal,NA,NA,NA,NA,NA
Philippines,1990,1A2H,Natural gas,NA,NA,NA,NA,NA
Philippines,1990,1A2H,Oil,NA,NA,NA,NA,NA
Philippines,1990,1A2I,Coal,NA,NA,NA,NA,NA
Philippines,1990,1A2I,Natural gas,NA,NA,NA,NA,NA
Philippines,1990,1A2I,Oil,NA,NA,NA,NA,NA
Philippines,1990,1A2J,Coal,NA,NA,NA,NA,NA
Philippines,1990,1A2J,Natural gas,NA,NA,NA,NA,NA
Philippines,1990,1A2J,Oil,NA,NA,NA,NA,NA
Philippines,1990,1A2K,Coal,NA,NA,NA,NA,NA
Philippines,1990,1A2K,Natural gas,NA,NA,NA,NA,NA
Philippines,1990,1A2K,Oil,NA,NA,NA,NA,NA
Philippines,1990,1A2L,Coal,NA,NA,NA,NA,NA
Philippines,1990,1A2L,Natural gas,NA,NA,NA,NA,NA
Philippines,1990,1A2L,Oil,NA,NA,NA,NA,NA
Philippines,1990,1A2M,Coal,NA,NA,NA,NA,NA
Philippines,1990,1A2M,Natural gas,NA,NA,NA,NA,NA
Philippines,1990,1A2M,Oil,NA,NA,NA,NA,NA
Philippines,1990,1A3,Coal,NA,NA,NA,NA,NA
Philippines,1990,1A3,Natural gas,NA,NA,NA,NA,NA
Philippines,1990,1A3,Oil,NA,NA,NA,NA,NA
Philippines,1990,1A3A,Coal,NA,NA,NA,NA,NA
Philippines,1990,1A3A,Natural gas,NA,NA,NA,NA,NA
Philippines,1990,1A3A,Oil,NA,NA,NA,NA,NA
Philippines,1990,1A3A1,Coal,NA,NA,NA,NA,NA
Philippines,1990,1A3A1,Natural gas,NA,NA,NA,NA,NA
Philippines,1990,1A3A1,Oil,NA,NA,NA,NA,NA
Philippines,1990,1A3A2,Coal,NA,NA,NA,NA,NA
Philippines,1990,1A3A2,Natural gas,NA,NA,NA,NA,NA
Philippines,1990,1A3A2,Oil,NA,NA,NA,NA,NA
Philippines,1990,1A3B,Coal,NA,NA,NA,NA,NA
Philippines,1990,1A3B,Natural gas,NA,NA,NA,NA,NA
Philippines,1990,1A3B,Oil,NA,NA,NA,NA,NA
Philippines,1990,1A3C,Coal,NA,NA,NA,NA,NA
Philippines,1990,1A3C,Natural gas,NA,NA,NA,NA,NA
Philippines,1990,1A3C,Oil,NA,NA,NA,NA,NA
Philippines,1990,1A3D,Coal,NA,NA,NA,NA,NA
Philippines,1990,1A3D,Natural gas,NA,NA,NA,NA,NA
Philippines,1990,1A3D,Oil,NA,NA,NA,NA,NA
Philippines,1990,1A3D1,Coal,NA,NA,NA,NA,NA
Philippines,1990,1A3D1,Natural gas,NA,NA,NA,NA,NA
Philippines,1990,1A3D1,Oil,NA,NA,NA,NA,NA
Philippines,1990,1A3D2,Coal,NA,NA,NA,NA,NA
Philippines,1990,1A3D2,Natural gas,NA,NA,NA,NA,NA
Philippines,1990,1A3D2,Oil,NA,NA,NA,NA,NA
Philippines,1990,1A3E,Coal,NA,NA,NA,NA,NA
Philippines,1990,1A3E,Natural gas,NA,NA,NA,NA,NA
Philippines,1990,1A3E,Oil,NA,NA,NA,NA,NA
Philippines,1990,1A3E1,Coal,NA,NA,NA,NA,NA
Philippines,1990,1A3E1,Natural gas,NA,NA,NA,NA,NA
Philippines,1990,1A3E1,Oil,NA,NA,NA,NA,NA
Philippines,1990,1A4,Coal,NA,NA,NA,NA,NA
Philippines,1990,1A4,Natural gas,NA,NA,NA,NA,NA
Philippines,1990,1A4,Oil,NA,NA,NA,NA,NA
Philippines,1990,1A4A,Coal,NA,NA,NA,NA,NA
Philippines,1990,1A4A,Natural gas,NA,NA,NA,NA,NA
Philippines,1990,1A4A,Oil,NA,NA,NA,NA,NA
Philippines,1990,1A4B,Coal,NA,NA,NA,NA,NA
Philippines,1990,1A4B,Natural gas,NA,NA,NA,NA,NA
Philippines,1990,1A4B,Oil,NA,NA,NA,NA,NA
Philippines,1990,1A4C,Coal,NA,NA,NA,NA,NA
Philippines,1990,1A4C,Natural gas,NA,NA,NA,NA,NA
Philippines,1990,1A4C,Oil,NA,NA,NA,NA,NA
Philippines,1990,1A4C1,Coal,NA,NA,NA,NA,NA
Philippines,1990,1A4C1,Natural gas,NA,NA,NA,NA,NA
Philippines,1990,1A4C1,Oil,NA,NA,NA,NA,NA
Philippines,1990,1A4C2,Coal,NA,NA,NA,NA,NA
Philippines,1990,1A4C2,Natural gas,NA,NA,NA,NA,NA
Philippines,1990,1A4C2,Oil,NA,NA,NA,NA,NA
Philippines,1990,1A4C3,Coal,NA,NA,NA,NA,NA
Philippines,1990,1A4C3,Natural gas,NA,NA,NA,NA,NA
Philippines,1990,1A4C3,Oil,NA,NA,NA,NA,NA
Philippines,1990,1A5,Coal,NA,NA,NA,NA,NA
Philippines,1990,1A5,Natural gas,NA,NA,NA,NA,NA
Philippines,1990,1A5,Oil,NA,NA,NA,NA,NA
Philippines,1990,1A5A,Coal,NA,NA,NA,NA,NA
Philippines,1990,1A5A,Natural gas,NA,NA,NA,NA,NA
Philippines,1990,1A5A,Oil,NA,NA,NA,NA,NA
Philippines,1990,1A5B,Coal,NA,NA,NA,NA,NA
Philippines,1990,1A5B,Natural gas,NA,NA,NA,NA,NA
Philippines,1990,1A5B,Oil,NA,NA,NA,NA,NA
Philippines,1990,1A5C,Coal,NA,NA,NA,NA,NA
Philippines,1990,1A5C,Natural gas,NA,NA,NA,NA,NA
Philippines,1990,1A5C,Oil,NA,NA,NA,NA,NA
Philippines,1990,1B,NA,NA,NA,NA,NA,NA
Philippines,1990,1B1,NA,NA,NA,NA,NA,NA
Philippines,1990,1B1A,NA,NA,NA,NA,NA,NA
Philippines,1990,1B1A1,NA,NA,NA,NA,NA,NA
Philippines,1990,1B1A11,NA,NA,NA,NA,NA,NA
Philippines,1990,1B1A12,NA,NA,NA,NA,NA,NA
Philippines,1990,1B1A13,NA,NA,NA,NA,NA,NA
Philippines,1990,1B1A14,NA,NA,NA,NA,NA,NA
Philippines,1990,1B1A2,NA,NA,NA,NA,NA,NA
Philippines,1990,1B1A21,NA,NA,NA,NA,NA,NA
Philippines,1990,1B1A22,NA,NA,NA,NA,NA,NA
Philippines,1990,1B1B,NA,NA,NA,NA,NA,NA
Philippines,1990,1B2,NA,NA,NA,NA,NA,NA
Philippines,1990,1B2A,NA,NA,NA,NA,NA,NA
Philippines,1990,1B2A1,NA,NA,NA,NA,NA,NA
Philippines,1990,1B2A2,NA,NA,NA,NA,NA,NA
Philippines,1990,1B2A3,NA,NA,NA,NA,NA,NA
Philippines,1990,1B2A31,NA,NA,NA,NA,NA,NA
Philippines,1990,1B2A32,NA,NA,NA,NA,NA,NA
Philippines,1990,1B2A33,NA,NA,NA,NA,NA,NA
Philippines,1990,1B2A34,NA,NA,NA,NA,NA,NA
Philippines,1990,1B2A35,NA,NA,NA,NA,NA,NA
Philippines,1990,1B2A36,NA,NA,NA,NA,NA,NA
Philippines,1990,1B2B,NA,NA,NA,NA,NA,NA
Philippines,1990,1B2B1,NA,NA,NA,NA,NA,NA
Philippines,1990,1B2B2,NA,NA,NA,NA,NA,NA
Philippines,1990,1B2B3,NA,NA,NA,NA,NA,NA
Philippines,1990,1B2B31,NA,NA,NA,NA,NA,NA
Philippines,1990,1B2B32,NA,NA,NA,NA,NA,NA
Philippines,1990,1B2B33,NA,NA,NA,NA,NA,NA
Philippines,1990,1B2B34,NA,NA,NA,NA,NA,NA
Philippines,1990,1B2B35,NA,NA,NA,NA,NA,NA
Philippines,1990,1B2B36,NA,NA,NA,NA,NA,NA
Philippines,1990,1B3,NA,NA,NA,NA,NA,NA
Philippines,1990,1C,NA,NA,NA,NA,NA,NA
Philippines,1990,1C1,NA,NA,NA,NA,NA,NA
Philippines,1990,1C1A,NA,NA,NA,NA,NA,NA
Philippines,1990,1C1B,NA,NA,NA,NA,NA,NA
Philippines,1990,1C1C,NA,NA,NA,NA,NA,NA
Philippines,1990,1C2,NA,NA,NA,NA,NA,NA
Philippines,1990,1C2A,NA,NA,NA,NA,NA,NA
Philippines,1990,1C2B,NA,NA,NA,NA,NA,NA
Philippines,1990,1C3,NA,NA,NA,NA,NA,NA
Philippines,1990,2A,NA,NA,NA,NA,NA,NA
Philippines,1990,2A1,NA,NA,NA,NA,NA,NA
Philippines,1990,2A2,NA,NA,NA,NA,NA,NA
Philippines,1990,2A3,NA,NA,NA,NA,NA,NA
Philippines,1990,2A4,NA,NA,NA,NA,NA,NA
Philippines,1990,2A4A,NA,NA,NA,NA,NA,NA
Philippines,1990,2A4B,NA,NA,NA,NA,NA,NA
Philippines,1990,2A4C,NA,NA,NA,NA,NA,NA
Philippines,1990,2A4D,NA,NA,NA,NA,NA,NA
Philippines,1990,2B,NA,NA,NA,NA,NA,NA
Philippines,1990,2B1,NA,NA,NA,NA,NA,NA
Philippines,1990,2B10,NA,NA,NA,NA,NA,NA
Philippines,1990,2B2,NA,NA,NA,NA,NA,NA
Philippines,1990,2B3,NA,NA,NA,NA,NA,NA
Philippines,1990,2B4,NA,NA,NA,NA,NA,NA
Philippines,1990,2B5,NA,NA,NA,NA,NA,NA
Philippines,1990,2B6,NA,NA,NA,NA,NA,NA
Philippines,1990,2B7,NA,NA,NA,NA,NA,NA
Philippines,1990,2B8,NA,NA,NA,NA,NA,NA
Philippines,1990,2B8A,NA,NA,NA,NA,NA,NA
Philippines,1990,2B8B,NA,NA,NA,NA,NA,NA
Philippines,1990,2B8C,NA,NA,NA,NA,NA,NA
Philippines,1990,2B8D,NA,NA,NA,NA,NA,NA
Philippines,1990,2B8E,NA,NA,NA,NA,NA,NA
Philippines,1990,2B8F,NA,NA,NA,NA,NA,NA
Philippines,1990,2B9,NA,NA,NA,NA,NA,NA
Philippines,1990,2B9A,NA,NA,NA,NA,NA,NA
Philippines,1990,2B9B,NA,NA,NA,NA,NA,NA
Philippines,1990,2C,NA,NA,NA,NA,NA,NA
Philippines,1990,2C1,NA,NA,NA,NA,NA,NA
Philippines,1990,2C2,NA,NA,NA,NA,NA,NA
Philippines,1990,2C3,NA,NA,NA,NA,NA,NA
Philippines,1990,2C4,NA,NA,NA,NA,NA,NA
Philippines,1990,2C5,NA,NA,NA,NA,NA,NA
Philippines,1990,2C6,NA,NA,NA,NA,NA,NA
Philippines,1990,2C7,NA,NA,NA,NA,NA,NA
Philippines,1990,2D,NA,NA,NA,NA,NA,NA
Philippines,1990,2D1,NA,NA,NA,NA,NA,NA
Philippines,1990,2D2,NA,NA,NA,NA,NA,NA
Philippines,1990,2D3,NA,NA,NA,NA,NA,NA
Philippines,1990,2D4,NA,NA,NA,NA,NA,NA
Philippines,1990,2E,NA,NA,NA,NA,NA,NA
Philippines,1990,2E1,NA,NA,NA,NA,NA,NA
Philippines,1990,2E2,NA,NA,NA,NA,NA,NA
Philippines,1990,2E3,NA,NA,NA,NA,NA,NA
Philippines,1990,2E4,NA,NA,NA,NA,NA,NA
Philippines,1990,2E5,NA,NA,NA,NA,NA,NA
Philippines,1990,2F,NA,NA,NA,NA,NA,NA
Philippines,1990,2F1,NA,NA,NA,NA,NA,NA
Philippines,1990,2F2,NA,NA,NA,NA,NA,NA
Philippines,1990,2F3,NA,NA,NA,NA,NA,NA
Philippines,1990,2F4,NA,NA,NA,NA,NA,NA
Philippines,1990,2F5,NA,NA,NA,NA,NA,NA
Philippines,1990,2F6,NA,NA,NA,NA,NA,NA
Philippines,1990,2G,NA,NA,NA,NA,NA,NA
Philippines,1990,2G1,NA,NA,NA,NA,NA,NA
Philippines,1990,2G2,NA,NA,NA,NA,NA,NA
Philippines,1990,2G3,NA,NA,NA,NA,NA,NA
Philippines,1990,2G4,NA,NA,NA,NA,NA,NA
Philippines,1990,2H,NA,NA,NA,NA,NA,NA
Philippines,1990,2H1,NA,NA,NA,NA,NA,NA
Philippines,1990,2H2,NA,NA,NA,NA,NA,NA
Philippines,1990,2H3,NA,NA,NA,NA,NA,NA
Philippines,1990,3A,NA,NA,NA,NA,NA,NA
Philippines,1990,3A1,NA,NA,NA,NA,NA,NA
Philippines,1990,3A2,NA,NA,NA,NA,NA,NA
Philippines,1990,3B,NA,NA,NA,NA,NA,NA
Philippines,1990,3B1,NA,NA,NA,NA,NA,NA
Philippines,1990,3B1A,NA,NA,NA,NA,NA,NA
Philippines,1990,3B1B,NA,NA,NA,NA,NA,NA
Philippines,1990,3B2,NA,NA,NA,NA,NA,NA
Philippines,1990,3B2A,NA,NA,NA,NA,NA,NA
Philippines,1990,3B2B,NA,NA,NA,NA,NA,NA
Philippines,1990,3B3,NA,NA,NA,NA,NA,NA
Philippines,1990,3B3A,NA,NA,NA,NA,NA,NA
Philippines,1990,3B3B,NA,NA,NA,NA,NA,NA
Philippines,1990,3B4,NA,NA,NA,NA,NA,NA
Philippines,1990,3B4A,NA,NA,NA,NA,NA,NA
Philippines,1990,3B4B,NA,NA,NA,NA,NA,NA
Philippines,1990,3B5,NA,NA,NA,NA,NA,NA
Philippines,1990,3B5A,NA,NA,NA,NA,NA,NA
Philippines,1990,3B5B,NA,NA,NA,NA,NA,NA
Philippines,1990,3B6,NA,NA,NA,NA,NA,NA
Philippines,1990,3B6A,NA,NA,NA,NA,NA,NA
Philippines,1990,3B6B,NA,NA,NA,NA,NA,NA
Philippines,1990,3B6B1,NA,NA,NA,NA,NA,NA
Philippines,1990,3B6B2,NA,NA,NA,NA,NA,NA
Philippines,1990,3B6B3,NA,NA,NA,NA,NA,NA
Philippines,1990,3B6B4,NA,NA,NA,NA,NA,NA
Philippines,1990,3B6B5,NA,NA,NA,NA,NA,NA
Philippines,1990,3C,NA,NA,NA,NA,NA,NA
Philippines,1990,3C1,NA,NA,NA,NA,NA,NA
Philippines,1990,3C2,NA,NA,NA,NA,NA,NA
Philippines,1990,3C3,NA,NA,NA,NA,NA,NA
Philippines,1990,3C4,NA,NA,NA,NA,NA,NA
Philippines,1990,3C5,NA,NA,NA,NA,NA,NA
Philippines,1990,3C6,NA,NA,NA,NA,NA,NA
Philippines,1990,3C7,NA,NA,NA,NA,NA,NA
Philippines,1990,3C8,NA,NA,NA,NA,NA,NA
Philippines,1990,3D,NA,NA,NA,NA,NA,NA
Philippines,1990,3D1,NA,NA,NA,NA,NA,NA
Philippines,1990,3D2,NA,NA,NA,NA,NA,NA
Philippines,1990,4A,NA,NA,NA,NA,NA,NA
Philippines,1990,4A1,NA,NA,NA,NA,NA,NA
Philippines,1990,4A2,NA,NA,NA,NA,NA,NA
Philippines,1990,4A3,NA,NA,NA,NA,NA,NA
Philippines,1990,4B,NA,NA,NA,NA,NA,NA
Philippines,1990,4C,NA,NA,NA,NA,NA,NA
Philippines,1990,4C1,NA,NA,NA,NA,NA,NA
Philippines,1990,4C2,NA,NA,NA,NA,NA,NA
Philippines,1990,4D,NA,NA,NA,NA,NA,NA
Philippines,1990,4D1,NA,NA,NA,NA,NA,NA
Philippines,1990,4D2,NA,NA,NA,NA,NA,NA
Philippines,1990,4E,NA,NA,NA,NA,NA,NA
Philippines,1990,5A,NA,NA,NA,NA,NA,NA
Philippines,1990,5A1,NA,NA,NA,NA,NA,NA
Philippines,1990,5A2,NA,NA,NA,NA,NA,NA
Philippines,1991,0,NA,NA,NA,NA,NA,NA
Philippines,1991,1,NA,NA,NA,NA,NA,NA
Philippines,1991,2,NA,NA,NA,NA,NA,NA
Philippines,1991,3,NA,NA,NA,NA,NA,NA
Philippines,1991,4,NA,NA,NA,NA,NA,NA
Philippines,1991,5,NA,NA,NA,NA,NA,NA
Philippines,1991,1A,Coal,NA,NA,NA,NA,NA
Philippines,1991,1A,Natural gas,NA,NA,NA,NA,NA
Philippines,1991,1A,Oil,NA,NA,NA,NA,NA
Philippines,1991,1A1,Coal,NA,NA,NA,NA,NA
Philippines,1991,1A1,Natural gas,NA,NA,NA,NA,NA
Philippines,1991,1A1,Oil,NA,NA,NA,NA,NA
Philippines,1991,1A1A,Coal,NA,NA,NA,NA,NA
Philippines,1991,1A1A,Natural gas,NA,NA,NA,NA,NA
Philippines,1991,1A1A,Oil,NA,NA,NA,NA,NA
Philippines,1991,1A1A1,Coal,NA,NA,NA,NA,NA
Philippines,1991,1A1A1,Natural gas,NA,NA,NA,NA,NA
Philippines,1991,1A1A1,Oil,NA,NA,NA,NA,NA
Philippines,1991,1A1A2,Coal,NA,NA,NA,NA,NA
Philippines,1991,1A1A2,Natural gas,NA,NA,NA,NA,NA
Philippines,1991,1A1A2,Oil,NA,NA,NA,NA,NA
Philippines,1991,1A1A3,Coal,NA,NA,NA,NA,NA
Philippines,1991,1A1A3,Natural gas,NA,NA,NA,NA,NA
Philippines,1991,1A1A3,Oil,NA,NA,NA,NA,NA
Philippines,1991,1A1B,Coal,NA,NA,NA,NA,NA
Philippines,1991,1A1B,Natural gas,NA,NA,NA,NA,NA
Philippines,1991,1A1B,Oil,NA,NA,NA,NA,NA
Philippines,1991,1A1C,Coal,NA,NA,NA,NA,NA
Philippines,1991,1A1C,Natural gas,NA,NA,NA,NA,NA
Philippines,1991,1A1C,Oil,NA,NA,NA,NA,NA
Philippines,1991,1A2,Coal,NA,NA,NA,NA,NA
Philippines,1991,1A2,Natural gas,NA,NA,NA,NA,NA
Philippines,1991,1A2,Oil,NA,NA,NA,NA,NA
Philippines,1991,1A2A,Coal,NA,NA,NA,NA,NA
Philippines,1991,1A2A,Natural gas,NA,NA,NA,NA,NA
Philippines,1991,1A2A,Oil,NA,NA,NA,NA,NA
Philippines,1991,1A2B,Coal,NA,NA,NA,NA,NA
Philippines,1991,1A2B,Natural gas,NA,NA,NA,NA,NA
Philippines,1991,1A2B,Oil,NA,NA,NA,NA,NA
Philippines,1991,1A2C,Coal,NA,NA,NA,NA,NA
Philippines,1991,1A2C,Natural gas,NA,NA,NA,NA,NA
Philippines,1991,1A2C,Oil,NA,NA,NA,NA,NA
Philippines,1991,1A2D,Coal,NA,NA,NA,NA,NA
Philippines,1991,1A2D,Natural gas,NA,NA,NA,NA,NA
Philippines,1991,1A2D,Oil,NA,NA,NA,NA,NA
Philippines,1991,1A2E,Coal,NA,NA,NA,NA,NA
Philippines,1991,1A2E,Natural gas,NA,NA,NA,NA,NA
Philippines,1991,1A2E,Oil,NA,NA,NA,NA,NA
Philippines,1991,1A2F,Coal,NA,NA,NA,NA,NA
Philippines,1991,1A2F,Natural gas,NA,NA,NA,NA,NA
Philippines,1991,1A2F,Oil,NA,NA,NA,NA,NA
Philippines,1991,1A2G,Coal,NA,NA,NA,NA,NA
Philippines,1991,1A2G,Natural gas,NA,NA,NA,NA,NA
Philippines,1991,1A2G,Oil,NA,NA,NA,NA,NA
Philippines,1991,1A2H,Coal,NA,NA,NA,NA,NA
Philippines,1991,1A2H,Natural gas,NA,NA,NA,NA,NA
Philippines,1991,1A2H,Oil,NA,NA,NA,NA,NA
Philippines,1991,1A2I,Coal,NA,NA,NA,NA,NA
Philippines,1991,1A2I,Natural gas,NA,NA,NA,NA,NA
Philippines,1991,1A2I,Oil,NA,NA,NA,NA,NA
Philippines,1991,1A2J,Coal,NA,NA,NA,NA,NA
Philippines,1991,1A2J,Natural gas,NA,NA,NA,NA,NA
Philippines,1991,1A2J,Oil,NA,NA,NA,NA,NA
Philippines,1991,1A2K,Coal,NA,NA,NA,NA,NA
Philippines,1991,1A2K,Natural gas,NA,NA,NA,NA,NA
Philippines,1991,1A2K,Oil,NA,NA,NA,NA,NA
Philippines,1991,1A2L,Coal,NA,NA,NA,NA,NA
Philippines,1991,1A2L,Natural gas,NA,NA,NA,NA,NA
Philippines,1991,1A2L,Oil,NA,NA,NA,NA,NA
Philippines,1991,1A2M,Coal,NA,NA,NA,NA,NA
Philippines,1991,1A2M,Natural gas,NA,NA,NA,NA,NA
Philippines,1991,1A2M,Oil,NA,NA,NA,NA,NA
Philippines,1991,1A3,Coal,NA,NA,NA,NA,NA
Philippines,1991,1A3,Natural gas,NA,NA,NA,NA,NA
Philippines,1991,1A3,Oil,NA,NA,NA,NA,NA
Philippines,1991,1A3A,Coal,NA,NA,NA,NA,NA
Philippines,1991,1A3A,Natural gas,NA,NA,NA,NA,NA
Philippines,1991,1A3A,Oil,NA,NA,NA,NA,NA
Philippines,1991,1A3A1,Coal,NA,NA,NA,NA,NA
Philippines,1991,1A3A1,Natural gas,NA,NA,NA,NA,NA
Philippines,1991,1A3A1,Oil,NA,NA,NA,NA,NA
Philippines,1991,1A3A2,Coal,NA,NA,NA,NA,NA
Philippines,1991,1A3A2,Natural gas,NA,NA,NA,NA,NA
Philippines,1991,1A3A2,Oil,NA,NA,NA,NA,NA
Philippines,1991,1A3B,Coal,NA,NA,NA,NA,NA
Philippines,1991,1A3B,Natural gas,NA,NA,NA,NA,NA
Philippines,1991,1A3B,Oil,NA,NA,NA,NA,NA
Philippines,1991,1A3C,Coal,NA,NA,NA,NA,NA
Philippines,1991,1A3C,Natural gas,NA,NA,NA,NA,NA
Philippines,1991,1A3C,Oil,NA,NA,NA,NA,NA
Philippines,1991,1A3D,Coal,NA,NA,NA,NA,NA
Philippines,1991,1A3D,Natural gas,NA,NA,NA,NA,NA
Philippines,1991,1A3D,Oil,NA,NA,NA,NA,NA
Philippines,1991,1A3D1,Coal,NA,NA,NA,NA,NA
Philippines,1991,1A3D1,Natural gas,NA,NA,NA,NA,NA
Philippines,1991,1A3D1,Oil,NA,NA,NA,NA,NA
Philippines,1991,1A3D2,Coal,NA,NA,NA,NA,NA
Philippines,1991,1A3D2,Natural gas,NA,NA,NA,NA,NA
Philippines,1991,1A3D2,Oil,NA,NA,NA,NA,NA
Philippines,1991,1A3E,Coal,NA,NA,NA,NA,NA
Philippines,1991,1A3E,Natural gas,NA,NA,NA,NA,NA
Philippines,1991,1A3E,Oil,NA,NA,NA,NA,NA
Philippines,1991,1A3E1,Coal,NA,NA,NA,NA,NA
Philippines,1991,1A3E1,Natural gas,NA,NA,NA,NA,NA
Philippines,1991,1A3E1,Oil,NA,NA,NA,NA,NA
Philippines,1991,1A4,Coal,NA,NA,NA,NA,NA
Philippines,1991,1A4,Natural gas,NA,NA,NA,NA,NA
Philippines,1991,1A4,Oil,NA,NA,NA,NA,NA
Philippines,1991,1A4A,Coal,NA,NA,NA,NA,NA
Philippines,1991,1A4A,Natural gas,NA,NA,NA,NA,NA
Philippines,1991,1A4A,Oil,NA,NA,NA,NA,NA
Philippines,1991,1A4B,Coal,NA,NA,NA,NA,NA
Philippines,1991,1A4B,Natural gas,NA,NA,NA,NA,NA
Philippines,1991,1A4B,Oil,NA,NA,NA,NA,NA
Philippines,1991,1A4C,Coal,NA,NA,NA,NA,NA
Philippines,1991,1A4C,Natural gas,NA,NA,NA,NA,NA
Philippines,1991,1A4C,Oil,NA,NA,NA,NA,NA
Philippines,1991,1A4C1,Coal,NA,NA,NA,NA,NA
Philippines,1991,1A4C1,Natural gas,NA,NA,NA,NA,NA
Philippines,1991,1A4C1,Oil,NA,NA,NA,NA,NA
Philippines,1991,1A4C2,Coal,NA,NA,NA,NA,NA
Philippines,1991,1A4C2,Natural gas,NA,NA,NA,NA,NA
Philippines,1991,1A4C2,Oil,NA,NA,NA,NA,NA
Philippines,1991,1A4C3,Coal,NA,NA,NA,NA,NA
Philippines,1991,1A4C3,Natural gas,NA,NA,NA,NA,NA
Philippines,1991,1A4C3,Oil,NA,NA,NA,NA,NA
Philippines,1991,1A5,Coal,NA,NA,NA,NA,NA
Philippines,1991,1A5,Natural gas,NA,NA,NA,NA,NA
Philippines,1991,1A5,Oil,NA,NA,NA,NA,NA
Philippines,1991,1A5A,Coal,NA,NA,NA,NA,NA
Philippines,1991,1A5A,Natural gas,NA,NA,NA,NA,NA
Philippines,1991,1A5A,Oil,NA,NA,NA,NA,NA
Philippines,1991,1A5B,Coal,NA,NA,NA,NA,NA
Philippines,1991,1A5B,Natural gas,NA,NA,NA,NA,NA
Philippines,1991,1A5B,Oil,NA,NA,NA,NA,NA
Philippines,1991,1A5C,Coal,NA,NA,NA,NA,NA
Philippines,1991,1A5C,Natural gas,NA,NA,NA,NA,NA
Philippines,1991,1A5C,Oil,NA,NA,NA,NA,NA
Philippines,1991,1B,NA,NA,NA,NA,NA,NA
Philippines,1991,1B1,NA,NA,NA,NA,NA,NA
Philippines,1991,1B1A,NA,NA,NA,NA,NA,NA
Philippines,1991,1B1A1,NA,NA,NA,NA,NA,NA
Philippines,1991,1B1A11,NA,NA,NA,NA,NA,NA
Philippines,1991,1B1A12,NA,NA,NA,NA,NA,NA
Philippines,1991,1B1A13,NA,NA,NA,NA,NA,NA
Philippines,1991,1B1A14,NA,NA,NA,NA,NA,NA
Philippines,1991,1B1A2,NA,NA,NA,NA,NA,NA
Philippines,1991,1B1A21,NA,NA,NA,NA,NA,NA
Philippines,1991,1B1A22,NA,NA,NA,NA,NA,NA
Philippines,1991,1B1B,NA,NA,NA,NA,NA,NA
Philippines,1991,1B2,NA,NA,NA,NA,NA,NA
Philippines,1991,1B2A,NA,NA,NA,NA,NA,NA
Philippines,1991,1B2A1,NA,NA,NA,NA,NA,NA
Philippines,1991,1B2A2,NA,NA,NA,NA,NA,NA
Philippines,1991,1B2A3,NA,NA,NA,NA,NA,NA
Philippines,1991,1B2A31,NA,NA,NA,NA,NA,NA
Philippines,1991,1B2A32,NA,NA,NA,NA,NA,NA
Philippines,1991,1B2A33,NA,NA,NA,NA,NA,NA
Philippines,1991,1B2A34,NA,NA,NA,NA,NA,NA
Philippines,1991,1B2A35,NA,NA,NA,NA,NA,NA
Philippines,1991,1B2A36,NA,NA,NA,NA,NA,NA
Philippines,1991,1B2B,NA,NA,NA,NA,NA,NA
Philippines,1991,1B2B1,NA,NA,NA,NA,NA,NA
Philippines,1991,1B2B2,NA,NA,NA,NA,NA,NA
Philippines,1991,1B2B3,NA,NA,NA,NA,NA,NA
Philippines,1991,1B2B31,NA,NA,NA,NA,NA,NA
Philippines,1991,1B2B32,NA,NA,NA,NA,NA,NA
Philippines,1991,1B2B33,NA,NA,NA,NA,NA,NA
Philippines,1991,1B2B34,NA,NA,NA,NA,NA,NA
Philippines,1991,1B2B35,NA,NA,NA,NA,NA,NA
Philippines,1991,1B2B36,NA,NA,NA,NA,NA,NA
Philippines,1991,1B3,NA,NA,NA,NA,NA,NA
Philippines,1991,1C,NA,NA,NA,NA,NA,NA
Philippines,1991,1C1,NA,NA,NA,NA,NA,NA
Philippines,1991,1C1A,NA,NA,NA,NA,NA,NA
Philippines,1991,1C1B,NA,NA,NA,NA,NA,NA
Philippines,1991,1C1C,NA,NA,NA,NA,NA,NA
Philippines,1991,1C2,NA,NA,NA,NA,NA,NA
Philippines,1991,1C2A,NA,NA,NA,NA,NA,NA
Philippines,1991,1C2B,NA,NA,NA,NA,NA,NA
Philippines,1991,1C3,NA,NA,NA,NA,NA,NA
Philippines,1991,2A,NA,NA,NA,NA,NA,NA
Philippines,1991,2A1,NA,NA,NA,NA,NA,NA
Philippines,1991,2A2,NA,NA,NA,NA,NA,NA
Philippines,1991,2A3,NA,NA,NA,NA,NA,NA
Philippines,1991,2A4,NA,NA,NA,NA,NA,NA
Philippines,1991,2A4A,NA,NA,NA,NA,NA,NA
Philippines,1991,2A4B,NA,NA,NA,NA,NA,NA
Philippines,1991,2A4C,NA,NA,NA,NA,NA,NA
Philippines,1991,2A4D,NA,NA,NA,NA,NA,NA
Philippines,1991,2B,NA,NA,NA,NA,NA,NA
Philippines,1991,2B1,NA,NA,NA,NA,NA,NA
Philippines,1991,2B10,NA,NA,NA,NA,NA,NA
Philippines,1991,2B2,NA,NA,NA,NA,NA,NA
Philippines,1991,2B3,NA,NA,NA,NA,NA,NA
Philippines,1991,2B4,NA,NA,NA,NA,NA,NA
Philippines,1991,2B5,NA,NA,NA,NA,NA,NA
Philippines,1991,2B6,NA,NA,NA,NA,NA,NA
Philippines,1991,2B7,NA,NA,NA,NA,NA,NA
Philippines,1991,2B8,NA,NA,NA,NA,NA,NA
Philippines,1991,2B8A,NA,NA,NA,NA,NA,NA
Philippines,1991,2B8B,NA,NA,NA,NA,NA,NA
Philippines,1991,2B8C,NA,NA,NA,NA,NA,NA
Philippines,1991,2B8D,NA,NA,NA,NA,NA,NA
Philippines,1991,2B8E,NA,NA,NA,NA,NA,NA
Philippines,1991,2B8F,NA,NA,NA,NA,NA,NA
Philippines,1991,2B9,NA,NA,NA,NA,NA,NA
Philippines,1991,2B9A,NA,NA,NA,NA,NA,NA
Philippines,1991,2B9B,NA,NA,NA,NA,NA,NA
Philippines,1991,2C,NA,NA,NA,NA,NA,NA
Philippines,1991,2C1,NA,NA,NA,NA,NA,NA
Philippines,1991,2C2,NA,NA,NA,NA,NA,NA
Philippines,1991,2C3,NA,NA,NA,NA,NA,NA
Philippines,1991,2C4,NA,NA,NA,NA,NA,NA
Philippines,1991,2C5,NA,NA,NA,NA,NA,NA
Philippines,1991,2C6,NA,NA,NA,NA,NA,NA
Philippines,1991,2C7,NA,NA,NA,NA,NA,NA
Philippines,1991,2D,NA,NA,NA,NA,NA,NA
Philippines,1991,2D1,NA,NA,NA,NA,NA,NA
Philippines,1991,2D2,NA,NA,NA,NA,NA,NA
Philippines,1991,2D3,NA,NA,NA,NA,NA,NA
Philippines,1991,2D4,NA,NA,NA,NA,NA,NA
Philippines,1991,2E,NA,NA,NA,NA,NA,NA
Philippines,1991,2E1,NA,NA,NA,NA,NA,NA
Philippines,1991,2E2,NA,NA,NA,NA,NA,NA
Philippines,1991,2E3,NA,NA,NA,NA,NA,NA
Philippines,1991,2E4,NA,NA,NA,NA,NA,NA
Philippines,1991,2E5,NA,NA,NA,NA,NA,NA
Philippines,1991,2F,NA,NA,NA,NA,NA,NA
Philippines,1991,2F1,NA,NA,NA,NA,NA,NA
Philippines,1991,2F2,NA,NA,NA,NA,NA,NA
Philippines,1991,2F3,NA,NA,NA,NA,NA,NA
Philippines,1991,2F4,NA,NA,NA,NA,NA,NA
Philippines,1991,2F5,NA,NA,NA,NA,NA,NA
Philippines,1991,2F6,NA,NA,NA,NA,NA,NA
Philippines,1991,2G,NA,NA,NA,NA,NA,NA
Philippines,1991,2G1,NA,NA,NA,NA,NA,NA
Philippines,1991,2G2,NA,NA,NA,NA,NA,NA
Philippines,1991,2G3,NA,NA,NA,NA,NA,NA
Philippines,1991,2G4,NA,NA,NA,NA,NA,NA
Philippines,1991,2H,NA,NA,NA,NA,NA,NA
Philippines,1991,2H1,NA,NA,NA,NA,NA,NA
Philippines,1991,2H2,NA,NA,NA,NA,NA,NA
Philippines,1991,2H3,NA,NA,NA,NA,NA,NA
Philippines,1991,3A,NA,NA,NA,NA,NA,NA
Philippines,1991,3A1,NA,NA,NA,NA,NA,NA
Philippines,1991,3A2,NA,NA,NA,NA,NA,NA
Philippines,1991,3B,NA,NA,NA,NA,NA,NA
Philippines,1991,3B1,NA,NA,NA,NA,NA,NA
Philippines,1991,3B1A,NA,NA,NA,NA,NA,NA
Philippines,1991,3B1B,NA,NA,NA,NA,NA,NA
Philippines,1991,3B2,NA,NA,NA,NA,NA,NA
Philippines,1991,3B2A,NA,NA,NA,NA,NA,NA
Philippines,1991,3B2B,NA,NA,NA,NA,NA,NA
Philippines,1991,3B3,NA,NA,NA,NA,NA,NA
Philippines,1991,3B3A,NA,NA,NA,NA,NA,NA
Philippines,1991,3B3B,NA,NA,NA,NA,NA,NA
Philippines,1991,3B4,NA,NA,NA,NA,NA,NA
Philippines,1991,3B4A,NA,NA,NA,NA,NA,NA
Philippines,1991,3B4B,NA,NA,NA,NA,NA,NA
Philippines,1991,3B5,NA,NA,NA,NA,NA,NA
Philippines,1991,3B5A,NA,NA,NA,NA,NA,NA
Philippines,1991,3B5B,NA,NA,NA,NA,NA,NA
Philippines,1991,3B6,NA,NA,NA,NA,NA,NA
Philippines,1991,3B6A,NA,NA,NA,NA,NA,NA
Philippines,1991,3B6B,NA,NA,NA,NA,NA,NA
Philippines,1991,3B6B1,NA,NA,NA,NA,NA,NA
Philippines,1991,3B6B2,NA,NA,NA,NA,NA,NA
Philippines,1991,3B6B3,NA,NA,NA,NA,NA,NA
Philippines,1991,3B6B4,NA,NA,NA,NA,NA,NA
Philippines,1991,3B6B5,NA,NA,NA,NA,NA,NA
Philippines,1991,3C,NA,NA,NA,NA,NA,NA
Philippines,1991,3C1,NA,NA,NA,NA,NA,NA
Philippines,1991,3C2,NA,NA,NA,NA,NA,NA
Philippines,1991,3C3,NA,NA,NA,NA,NA,NA
Philippines,1991,3C4,NA,NA,NA,NA,NA,NA
Philippines,1991,3C5,NA,NA,NA,NA,NA,NA
Philippines,1991,3C6,NA,NA,NA,NA,NA,NA
Philippines,1991,3C7,NA,NA,NA,NA,NA,NA
Philippines,1991,3C8,NA,NA,NA,NA,NA,NA
Philippines,1991,3D,NA,NA,NA,NA,NA,NA
Philippines,1991,3D1,NA,NA,NA,NA,NA,NA
Philippines,1991,3D2,NA,NA,NA,NA,NA,NA
Philippines,1991,4A,NA,NA,NA,NA,NA,NA
Philippines,1991,4A1,NA,NA,NA,NA,NA,NA
Philippines,1991,4A2,NA,NA,NA,NA,NA,NA
Philippines,1991,4A3,NA,NA,NA,NA,NA,NA
Philippines,1991,4B,NA,NA,NA,NA,NA,NA
Philippines,1991,4C,NA,NA,NA,NA,NA,NA
Philippines,1991,4C1,NA,NA,NA,NA,NA,NA
Philippines,1991,4C2,NA,NA,NA,NA,NA,NA
Philippines,1991,4D,NA,NA,NA,NA,NA,NA
Philippines,1991,4D1,NA,NA,NA,NA,NA,NA
Philippines,1991,4D2,NA,NA,NA,NA,NA,NA
Philippines,1991,4E,NA,NA,NA,NA,NA,NA
Philippines,1991,5A,NA,NA,NA,NA,NA,NA
Philippines,1991,5A1,NA,NA,NA,NA,NA,NA
Philippines,1991,5A2,NA,NA,NA,NA,NA,NA
Philippines,1992,0,NA,NA,NA,NA,NA,NA
Philippines,1992,1,NA,NA,NA,NA,NA,NA
Philippines,1992,2,NA,NA,NA,NA,NA,NA
Philippines,1992,3,NA,NA,NA,NA,NA,NA
Philippines,1992,4,NA,NA,NA,NA,NA,NA
Philippines,1992,5,NA,NA,NA,NA,NA,NA
Philippines,1992,1A,Coal,NA,NA,NA,NA,NA
Philippines,1992,1A,Natural gas,NA,NA,NA,NA,NA
Philippines,1992,1A,Oil,NA,NA,NA,NA,NA
Philippines,1992,1A1,Coal,NA,NA,NA,NA,NA
Philippines,1992,1A1,Natural gas,NA,NA,NA,NA,NA
Philippines,1992,1A1,Oil,NA,NA,NA,NA,NA
Philippines,1992,1A1A,Coal,NA,NA,NA,NA,NA
Philippines,1992,1A1A,Natural gas,NA,NA,NA,NA,NA
Philippines,1992,1A1A,Oil,NA,NA,NA,NA,NA
Philippines,1992,1A1A1,Coal,NA,NA,NA,NA,NA
Philippines,1992,1A1A1,Natural gas,NA,NA,NA,NA,NA
Philippines,1992,1A1A1,Oil,NA,NA,NA,NA,NA
Philippines,1992,1A1A2,Coal,NA,NA,NA,NA,NA
Philippines,1992,1A1A2,Natural gas,NA,NA,NA,NA,NA
Philippines,1992,1A1A2,Oil,NA,NA,NA,NA,NA
Philippines,1992,1A1A3,Coal,NA,NA,NA,NA,NA
Philippines,1992,1A1A3,Natural gas,NA,NA,NA,NA,NA
Philippines,1992,1A1A3,Oil,NA,NA,NA,NA,NA
Philippines,1992,1A1B,Coal,NA,NA,NA,NA,NA
Philippines,1992,1A1B,Natural gas,NA,NA,NA,NA,NA
Philippines,1992,1A1B,Oil,NA,NA,NA,NA,NA
Philippines,1992,1A1C,Coal,NA,NA,NA,NA,NA
Philippines,1992,1A1C,Natural gas,NA,NA,NA,NA,NA
Philippines,1992,1A1C,Oil,NA,NA,NA,NA,NA
Philippines,1992,1A2,Coal,NA,NA,NA,NA,NA
Philippines,1992,1A2,Natural gas,NA,NA,NA,NA,NA
Philippines,1992,1A2,Oil,NA,NA,NA,NA,NA
Philippines,1992,1A2A,Coal,NA,NA,NA,NA,NA
Philippines,1992,1A2A,Natural gas,NA,NA,NA,NA,NA
Philippines,1992,1A2A,Oil,NA,NA,NA,NA,NA
Philippines,1992,1A2B,Coal,NA,NA,NA,NA,NA
Philippines,1992,1A2B,Natural gas,NA,NA,NA,NA,NA
Philippines,1992,1A2B,Oil,NA,NA,NA,NA,NA
Philippines,1992,1A2C,Coal,NA,NA,NA,NA,NA
Philippines,1992,1A2C,Natural gas,NA,NA,NA,NA,NA
Philippines,1992,1A2C,Oil,NA,NA,NA,NA,NA
Philippines,1992,1A2D,Coal,NA,NA,NA,NA,NA
Philippines,1992,1A2D,Natural gas,NA,NA,NA,NA,NA
Philippines,1992,1A2D,Oil,NA,NA,NA,NA,NA
Philippines,1992,1A2E,Coal,NA,NA,NA,NA,NA
Philippines,1992,1A2E,Natural gas,NA,NA,NA,NA,NA
Philippines,1992,1A2E,Oil,NA,NA,NA,NA,NA
Philippines,1992,1A2F,Coal,NA,NA,NA,NA,NA
Philippines,1992,1A2F,Natural gas,NA,NA,NA,NA,NA
Philippines,1992,1A2F,Oil,NA,NA,NA,NA,NA
Philippines,1992,1A2G,Coal,NA,NA,NA,NA,NA
Philippines,1992,1A2G,Natural gas,NA,NA,NA,NA,NA
Philippines,1992,1A2G,Oil,NA,NA,NA,NA,NA
Philippines,1992,1A2H,Coal,NA,NA,NA,NA,NA
Philippines,1992,1A2H,Natural gas,NA,NA,NA,NA,NA
Philippines,1992,1A2H,Oil,NA,NA,NA,NA,NA
Philippines,1992,1A2I,Coal,NA,NA,NA,NA,NA
Philippines,1992,1A2I,Natural gas,NA,NA,NA,NA,NA
Philippines,1992,1A2I,Oil,NA,NA,NA,NA,NA
Philippines,1992,1A2J,Coal,NA,NA,NA,NA,NA
Philippines,1992,1A2J,Natural gas,NA,NA,NA,NA,NA
Philippines,1992,1A2J,Oil,NA,NA,NA,NA,NA
Philippines,1992,1A2K,Coal,NA,NA,NA,NA,NA
Philippines,1992,1A2K,Natural gas,NA,NA,NA,NA,NA
Philippines,1992,1A2K,Oil,NA,NA,NA,NA,NA
Philippines,1992,1A2L,Coal,NA,NA,NA,NA,NA
Philippines,1992,1A2L,Natural gas,NA,NA,NA,NA,NA
Philippines,1992,1A2L,Oil,NA,NA,NA,NA,NA
Philippines,1992,1A2M,Coal,NA,NA,NA,NA,NA
Philippines,1992,1A2M,Natural gas,NA,NA,NA,NA,NA
Philippines,1992,1A2M,Oil,NA,NA,NA,NA,NA
Philippines,1992,1A3,Coal,NA,NA,NA,NA,NA
Philippines,1992,1A3,Natural gas,NA,NA,NA,NA,NA
Philippines,1992,1A3,Oil,NA,NA,NA,NA,NA
Philippines,1992,1A3A,Coal,NA,NA,NA,NA,NA
Philippines,1992,1A3A,Natural gas,NA,NA,NA,NA,NA
Philippines,1992,1A3A,Oil,NA,NA,NA,NA,NA
Philippines,1992,1A3A1,Coal,NA,NA,NA,NA,NA
Philippines,1992,1A3A1,Natural gas,NA,NA,NA,NA,NA
Philippines,1992,1A3A1,Oil,NA,NA,NA,NA,NA
Philippines,1992,1A3A2,Coal,NA,NA,NA,NA,NA
Philippines,1992,1A3A2,Natural gas,NA,NA,NA,NA,NA
Philippines,1992,1A3A2,Oil,NA,NA,NA,NA,NA
Philippines,1992,1A3B,Coal,NA,NA,NA,NA,NA
Philippines,1992,1A3B,Natural gas,NA,NA,NA,NA,NA
Philippines,1992,1A3B,Oil,NA,NA,NA,NA,NA
Philippines,1992,1A3C,Coal,NA,NA,NA,NA,NA
Philippines,1992,1A3C,Natural gas,NA,NA,NA,NA,NA
Philippines,1992,1A3C,Oil,NA,NA,NA,NA,NA
Philippines,1992,1A3D,Coal,NA,NA,NA,NA,NA
Philippines,1992,1A3D,Natural gas,NA,NA,NA,NA,NA
Philippines,1992,1A3D,Oil,NA,NA,NA,NA,NA
Philippines,1992,1A3D1,Coal,NA,NA,NA,NA,NA
Philippines,1992,1A3D1,Natural gas,NA,NA,NA,NA,NA
Philippines,1992,1A3D1,Oil,NA,NA,NA,NA,NA
Philippines,1992,1A3D2,Coal,NA,NA,NA,NA,NA
Philippines,1992,1A3D2,Natural gas,NA,NA,NA,NA,NA
Philippines,1992,1A3D2,Oil,NA,NA,NA,NA,NA
Philippines,1992,1A3E,Coal,NA,NA,NA,NA,NA
Philippines,1992,1A3E,Natural gas,NA,NA,NA,NA,NA
Philippines,1992,1A3E,Oil,NA,NA,NA,NA,NA
Philippines,1992,1A3E1,Coal,NA,NA,NA,NA,NA
Philippines,1992,1A3E1,Natural gas,NA,NA,NA,NA,NA
Philippines,1992,1A3E1,Oil,NA,NA,NA,NA,NA
Philippines,1992,1A4,Coal,NA,NA,NA,NA,NA
Philippines,1992,1A4,Natural gas,NA,NA,NA,NA,NA
Philippines,1992,1A4,Oil,NA,NA,NA,NA,NA
Philippines,1992,1A4A,Coal,NA,NA,NA,NA,NA
Philippines,1992,1A4A,Natural gas,NA,NA,NA,NA,NA
Philippines,1992,1A4A,Oil,NA,NA,NA,NA,NA
Philippines,1992,1A4B,Coal,NA,NA,NA,NA,NA
Philippines,1992,1A4B,Natural gas,NA,NA,NA,NA,NA
Philippines,1992,1A4B,Oil,NA,NA,NA,NA,NA
Philippines,1992,1A4C,Coal,NA,NA,NA,NA,NA
Philippines,1992,1A4C,Natural gas,NA,NA,NA,NA,NA
Philippines,1992,1A4C,Oil,NA,NA,NA,NA,NA
Philippines,1992,1A4C1,Coal,NA,NA,NA,NA,NA
Philippines,1992,1A4C1,Natural gas,NA,NA,NA,NA,NA
Philippines,1992,1A4C1,Oil,NA,NA,NA,NA,NA
Philippines,1992,1A4C2,Coal,NA,NA,NA,NA,NA
Philippines,1992,1A4C2,Natural gas,NA,NA,NA,NA,NA
Philippines,1992,1A4C2,Oil,NA,NA,NA,NA,NA
Philippines,1992,1A4C3,Coal,NA,NA,NA,NA,NA
Philippines,1992,1A4C3,Natural gas,NA,NA,NA,NA,NA
Philippines,1992,1A4C3,Oil,NA,NA,NA,NA,NA
Philippines,1992,1A5,Coal,NA,NA,NA,NA,NA
Philippines,1992,1A5,Natural gas,NA,NA,NA,NA,NA
Philippines,1992,1A5,Oil,NA,NA,NA,NA,NA
Philippines,1992,1A5A,Coal,NA,NA,NA,NA,NA
Philippines,1992,1A5A,Natural gas,NA,NA,NA,NA,NA
Philippines,1992,1A5A,Oil,NA,NA,NA,NA,NA
Philippines,1992,1A5B,Coal,NA,NA,NA,NA,NA
Philippines,1992,1A5B,Natural gas,NA,NA,NA,NA,NA
Philippines,1992,1A5B,Oil,NA,NA,NA,NA,NA
Philippines,1992,1A5C,Coal,NA,NA,NA,NA,NA
Philippines,1992,1A5C,Natural gas,NA,NA,NA,NA,NA
Philippines,1992,1A5C,Oil,NA,NA,NA,NA,NA
Philippines,1992,1B,NA,NA,NA,NA,NA,NA
Philippines,1992,1B1,NA,NA,NA,NA,NA,NA
Philippines,1992,1B1A,NA,NA,NA,NA,NA,NA
Philippines,1992,1B1A1,NA,NA,NA,NA,NA,NA
Philippines,1992,1B1A11,NA,NA,NA,NA,NA,NA
Philippines,1992,1B1A12,NA,NA,NA,NA,NA,NA
Philippines,1992,1B1A13,NA,NA,NA,NA,NA,NA
Philippines,1992,1B1A14,NA,NA,NA,NA,NA,NA
Philippines,1992,1B1A2,NA,NA,NA,NA,NA,NA
Philippines,1992,1B1A21,NA,NA,NA,NA,NA,NA
Philippines,1992,1B1A22,NA,NA,NA,NA,NA,NA
Philippines,1992,1B1B,NA,NA,NA,NA,NA,NA
Philippines,1992,1B2,NA,NA,NA,NA,NA,NA
Philippines,1992,1B2A,NA,NA,NA,NA,NA,NA
Philippines,1992,1B2A1,NA,NA,NA,NA,NA,NA
Philippines,1992,1B2A2,NA,NA,NA,NA,NA,NA
Philippines,1992,1B2A3,NA,NA,NA,NA,NA,NA
Philippines,1992,1B2A31,NA,NA,NA,NA,NA,NA
Philippines,1992,1B2A32,NA,NA,NA,NA,NA,NA
Philippines,1992,1B2A33,NA,NA,NA,NA,NA,NA
Philippines,1992,1B2A34,NA,NA,NA,NA,NA,NA
Philippines,1992,1B2A35,NA,NA,NA,NA,NA,NA
Philippines,1992,1B2A36,NA,NA,NA,NA,NA,NA
Philippines,1992,1B2B,NA,NA,NA,NA,NA,NA
Philippines,1992,1B2B1,NA,NA,NA,NA,NA,NA
Philippines,1992,1B2B2,NA,NA,NA,NA,NA,NA
Philippines,1992,1B2B3,NA,NA,NA,NA,NA,NA
Philippines,1992,1B2B31,NA,NA,NA,NA,NA,NA
Philippines,1992,1B2B32,NA,NA,NA,NA,NA,NA
Philippines,1992,1B2B33,NA,NA,NA,NA,NA,NA
Philippines,1992,1B2B34,NA,NA,NA,NA,NA,NA
Philippines,1992,1B2B35,NA,NA,NA,NA,NA,NA
Philippines,1992,1B2B36,NA,NA,NA,NA,NA,NA
Philippines,1992,1B3,NA,NA,NA,NA,NA,NA
Philippines,1992,1C,NA,NA,NA,NA,NA,NA
Philippines,1992,1C1,NA,NA,NA,NA,NA,NA
Philippines,1992,1C1A,NA,NA,NA,NA,NA,NA
Philippines,1992,1C1B,NA,NA,NA,NA,NA,NA
Philippines,1992,1C1C,NA,NA,NA,NA,NA,NA
Philippines,1992,1C2,NA,NA,NA,NA,NA,NA
Philippines,1992,1C2A,NA,NA,NA,NA,NA,NA
Philippines,1992,1C2B,NA,NA,NA,NA,NA,NA
Philippines,1992,1C3,NA,NA,NA,NA,NA,NA
Philippines,1992,2A,NA,NA,NA,NA,NA,NA
Philippines,1992,2A1,NA,NA,NA,NA,NA,NA
Philippines,1992,2A2,NA,NA,NA,NA,NA,NA
Philippines,1992,2A3,NA,NA,NA,NA,NA,NA
Philippines,1992,2A4,NA,NA,NA,NA,NA,NA
Philippines,1992,2A4A,NA,NA,NA,NA,NA,NA
Philippines,1992,2A4B,NA,NA,NA,NA,NA,NA
Philippines,1992,2A4C,NA,NA,NA,NA,NA,NA
Philippines,1992,2A4D,NA,NA,NA,NA,NA,NA
Philippines,1992,2B,NA,NA,NA,NA,NA,NA
Philippines,1992,2B1,NA,NA,NA,NA,NA,NA
Philippines,1992,2B10,NA,NA,NA,NA,NA,NA
Philippines,1992,2B2,NA,NA,NA,NA,NA,NA
Philippines,1992,2B3,NA,NA,NA,NA,NA,NA
Philippines,1992,2B4,NA,NA,NA,NA,NA,NA
Philippines,1992,2B5,NA,NA,NA,NA,NA,NA
Philippines,1992,2B6,NA,NA,NA,NA,NA,NA
Philippines,1992,2B7,NA,NA,NA,NA,NA,NA
Philippines,1992,2B8,NA,NA,NA,NA,NA,NA
Philippines,1992,2B8A,NA,NA,NA,NA,NA,NA
Philippines,1992,2B8B,NA,NA,NA,NA,NA,NA
Philippines,1992,2B8C,NA,NA,NA,NA,NA,NA
Philippines,1992,2B8D,NA,NA,NA,NA,NA,NA
Philippines,1992,2B8E,NA,NA,NA,NA,NA,NA
Philippines,1992,2B8F,NA,NA,NA,NA,NA,NA
Philippines,1992,2B9,NA,NA,NA,NA,NA,NA
Philippines,1992,2B9A,NA,NA,NA,NA,NA,NA
Philippines,1992,2B9B,NA,NA,NA,NA,NA,NA
Philippines,1992,2C,NA,NA,NA,NA,NA,NA
Philippines,1992,2C1,NA,NA,NA,NA,NA,NA
Philippines,1992,2C2,NA,NA,NA,NA,NA,NA
Philippines,1992,2C3,NA,NA,NA,NA,NA,NA
Philippines,1992,2C4,NA,NA,NA,NA,NA,NA
Philippines,1992,2C5,NA,NA,NA,NA,NA,NA
Philippines,1992,2C6,NA,NA,NA,NA,NA,NA
Philippines,1992,2C7,NA,NA,NA,NA,NA,NA
Philippines,1992,2D,NA,NA,NA,NA,NA,NA
Philippines,1992,2D1,NA,NA,NA,NA,NA,NA
Philippines,1992,2D2,NA,NA,NA,NA,NA,NA
Philippines,1992,2D3,NA,NA,NA,NA,NA,NA
Philippines,1992,2D4,NA,NA,NA,NA,NA,NA
Philippines,1992,2E,NA,NA,NA,NA,NA,NA
Philippines,1992,2E1,NA,NA,NA,NA,NA,NA
Philippines,1992,2E2,NA,NA,NA,NA,NA,NA
Philippines,1992,2E3,NA,NA,NA,NA,NA,NA
Philippines,1992,2E4,NA,NA,NA,NA,NA,NA
Philippines,1992,2E5,NA,NA,NA,NA,NA,NA
Philippines,1992,2F,NA,NA,NA,NA,NA,NA
Philippines,1992,2F1,NA,NA,NA,NA,NA,NA
Philippines,1992,2F2,NA,NA,NA,NA,NA,NA
Philippines,1992,2F3,NA,NA,NA,NA,NA,NA
Philippines,1992,2F4,NA,NA,NA,NA,NA,NA
Philippines,1992,2F5,NA,NA,NA,NA,NA,NA
Philippines,1992,2F6,NA,NA,NA,NA,NA,NA
Philippines,1992,2G,NA,NA,NA,NA,NA,NA
Philippines,1992,2G1,NA,NA,NA,NA,NA,NA
Philippines,1992,2G2,NA,NA,NA,NA,NA,NA
Philippines,1992,2G3,NA,NA,NA,NA,NA,NA
Philippines,1992,2G4,NA,NA,NA,NA,NA,NA
Philippines,1992,2H,NA,NA,NA,NA,NA,NA
Philippines,1992,2H1,NA,NA,NA,NA,NA,NA
Philippines,1992,2H2,NA,NA,NA,NA,NA,NA
Philippines,1992,2H3,NA,NA,NA,NA,NA,NA
Philippines,1992,3A,NA,NA,NA,NA,NA,NA
Philippines,1992,3A1,NA,NA,NA,NA,NA,NA
Philippines,1992,3A2,NA,NA,NA,NA,NA,NA
Philippines,1992,3B,NA,NA,NA,NA,NA,NA
Philippines,1992,3B1,NA,NA,NA,NA,NA,NA
Philippines,1992,3B1A,NA,NA,NA,NA,NA,NA
Philippines,1992,3B1B,NA,NA,NA,NA,NA,NA
Philippines,1992,3B2,NA,NA,NA,NA,NA,NA
Philippines,1992,3B2A,NA,NA,NA,NA,NA,NA
Philippines,1992,3B2B,NA,NA,NA,NA,NA,NA
Philippines,1992,3B3,NA,NA,NA,NA,NA,NA
Philippines,1992,3B3A,NA,NA,NA,NA,NA,NA
Philippines,1992,3B3B,NA,NA,NA,NA,NA,NA
Philippines,1992,3B4,NA,NA,NA,NA,NA,NA
Philippines,1992,3B4A,NA,NA,NA,NA,NA,NA
Philippines,1992,3B4B,NA,NA,NA,NA,NA,NA
Philippines,1992,3B5,NA,NA,NA,NA,NA,NA
Philippines,1992,3B5A,NA,NA,NA,NA,NA,NA
Philippines,1992,3B5B,NA,NA,NA,NA,NA,NA
Philippines,1992,3B6,NA,NA,NA,NA,NA,NA
Philippines,1992,3B6A,NA,NA,NA,NA,NA,NA
Philippines,1992,3B6B,NA,NA,NA,NA,NA,NA
Philippines,1992,3B6B1,NA,NA,NA,NA,NA,NA
Philippines,1992,3B6B2,NA,NA,NA,NA,NA,NA
Philippines,1992,3B6B3,NA,NA,NA,NA,NA,NA
Philippines,1992,3B6B4,NA,NA,NA,NA,NA,NA
Philippines,1992,3B6B5,NA,NA,NA,NA,NA,NA
Philippines,1992,3C,NA,NA,NA,NA,NA,NA
Philippines,1992,3C1,NA,NA,NA,NA,NA,NA
Philippines,1992,3C2,NA,NA,NA,NA,NA,NA
Philippines,1992,3C3,NA,NA,NA,NA,NA,NA
Philippines,1992,3C4,NA,NA,NA,NA,NA,NA
Philippines,1992,3C5,NA,NA,NA,NA,NA,NA
Philippines,1992,3C6,NA,NA,NA,NA,NA,NA
Philippines,1992,3C7,NA,NA,NA,NA,NA,NA
Philippines,1992,3C8,NA,NA,NA,NA,NA,NA
Philippines,1992,3D,NA,NA,NA,NA,NA,NA
Philippines,1992,3D1,NA,NA,NA,NA,NA,NA
Philippines,1992,3D2,NA,NA,NA,NA,NA,NA
Philippines,1992,4A,NA,NA,NA,NA,NA,NA
Philippines,1992,4A1,NA,NA,NA,NA,NA,NA
Philippines,1992,4A2,NA,NA,NA,NA,NA,NA
Philippines,1992,4A3,NA,NA,NA,NA,NA,NA
Philippines,1992,4B,NA,NA,NA,NA,NA,NA
Philippines,1992,4C,NA,NA,NA,NA,NA,NA
Philippines,1992,4C1,NA,NA,NA,NA,NA,NA
Philippines,1992,4C2,NA,NA,NA,NA,NA,NA
Philippines,1992,4D,NA,NA,NA,NA,NA,NA
Philippines,1992,4D1,NA,NA,NA,NA,NA,NA
Philippines,1992,4D2,NA,NA,NA,NA,NA,NA
Philippines,1992,4E,NA,NA,NA,NA,NA,NA
Philippines,1992,5A,NA,NA,NA,NA,NA,NA
Philippines,1992,5A1,NA,NA,NA,NA,NA,NA
Philippines,1992,5A2,NA,NA,NA,NA,NA,NA
Philippines,1993,0,NA,NA,NA,NA,NA,NA
Philippines,1993,1,NA,NA,NA,NA,NA,NA
Philippines,1993,2,NA,NA,NA,NA,NA,NA
Philippines,1993,3,NA,NA,NA,NA,NA,NA
Philippines,1993,4,NA,NA,NA,NA,NA,NA
Philippines,1993,5,NA,NA,NA,NA,NA,NA
Philippines,1993,1A,Coal,NA,NA,NA,NA,NA
Philippines,1993,1A,Natural gas,NA,NA,NA,NA,NA
Philippines,1993,1A,Oil,NA,NA,NA,NA,NA
Philippines,1993,1A1,Coal,NA,NA,NA,NA,NA
Philippines,1993,1A1,Natural gas,NA,NA,NA,NA,NA
Philippines,1993,1A1,Oil,NA,NA,NA,NA,NA
Philippines,1993,1A1A,Coal,NA,NA,NA,NA,NA
Philippines,1993,1A1A,Natural gas,NA,NA,NA,NA,NA
Philippines,1993,1A1A,Oil,NA,NA,NA,NA,NA
Philippines,1993,1A1A1,Coal,NA,NA,NA,NA,NA
Philippines,1993,1A1A1,Natural gas,NA,NA,NA,NA,NA
Philippines,1993,1A1A1,Oil,NA,NA,NA,NA,NA
Philippines,1993,1A1A2,Coal,NA,NA,NA,NA,NA
Philippines,1993,1A1A2,Natural gas,NA,NA,NA,NA,NA
Philippines,1993,1A1A2,Oil,NA,NA,NA,NA,NA
Philippines,1993,1A1A3,Coal,NA,NA,NA,NA,NA
Philippines,1993,1A1A3,Natural gas,NA,NA,NA,NA,NA
Philippines,1993,1A1A3,Oil,NA,NA,NA,NA,NA
Philippines,1993,1A1B,Coal,NA,NA,NA,NA,NA
Philippines,1993,1A1B,Natural gas,NA,NA,NA,NA,NA
Philippines,1993,1A1B,Oil,NA,NA,NA,NA,NA
Philippines,1993,1A1C,Coal,NA,NA,NA,NA,NA
Philippines,1993,1A1C,Natural gas,NA,NA,NA,NA,NA
Philippines,1993,1A1C,Oil,NA,NA,NA,NA,NA
Philippines,1993,1A2,Coal,NA,NA,NA,NA,NA
Philippines,1993,1A2,Natural gas,NA,NA,NA,NA,NA
Philippines,1993,1A2,Oil,NA,NA,NA,NA,NA
Philippines,1993,1A2A,Coal,NA,NA,NA,NA,NA
Philippines,1993,1A2A,Natural gas,NA,NA,NA,NA,NA
Philippines,1993,1A2A,Oil,NA,NA,NA,NA,NA
Philippines,1993,1A2B,Coal,NA,NA,NA,NA,NA
Philippines,1993,1A2B,Natural gas,NA,NA,NA,NA,NA
Philippines,1993,1A2B,Oil,NA,NA,NA,NA,NA
Philippines,1993,1A2C,Coal,NA,NA,NA,NA,NA
Philippines,1993,1A2C,Natural gas,NA,NA,NA,NA,NA
Philippines,1993,1A2C,Oil,NA,NA,NA,NA,NA
Philippines,1993,1A2D,Coal,NA,NA,NA,NA,NA
Philippines,1993,1A2D,Natural gas,NA,NA,NA,NA,NA
Philippines,1993,1A2D,Oil,NA,NA,NA,NA,NA
Philippines,1993,1A2E,Coal,NA,NA,NA,NA,NA
Philippines,1993,1A2E,Natural gas,NA,NA,NA,NA,NA
Philippines,1993,1A2E,Oil,NA,NA,NA,NA,NA
Philippines,1993,1A2F,Coal,NA,NA,NA,NA,NA
Philippines,1993,1A2F,Natural gas,NA,NA,NA,NA,NA
Philippines,1993,1A2F,Oil,NA,NA,NA,NA,NA
Philippines,1993,1A2G,Coal,NA,NA,NA,NA,NA
Philippines,1993,1A2G,Natural gas,NA,NA,NA,NA,NA
Philippines,1993,1A2G,Oil,NA,NA,NA,NA,NA
Philippines,1993,1A2H,Coal,NA,NA,NA,NA,NA
Philippines,1993,1A2H,Natural gas,NA,NA,NA,NA,NA
Philippines,1993,1A2H,Oil,NA,NA,NA,NA,NA
Philippines,1993,1A2I,Coal,NA,NA,NA,NA,NA
Philippines,1993,1A2I,Natural gas,NA,NA,NA,NA,NA
Philippines,1993,1A2I,Oil,NA,NA,NA,NA,NA
Philippines,1993,1A2J,Coal,NA,NA,NA,NA,NA
Philippines,1993,1A2J,Natural gas,NA,NA,NA,NA,NA
Philippines,1993,1A2J,Oil,NA,NA,NA,NA,NA
Philippines,1993,1A2K,Coal,NA,NA,NA,NA,NA
Philippines,1993,1A2K,Natural gas,NA,NA,NA,NA,NA
Philippines,1993,1A2K,Oil,NA,NA,NA,NA,NA
Philippines,1993,1A2L,Coal,NA,NA,NA,NA,NA
Philippines,1993,1A2L,Natural gas,NA,NA,NA,NA,NA
Philippines,1993,1A2L,Oil,NA,NA,NA,NA,NA
Philippines,1993,1A2M,Coal,NA,NA,NA,NA,NA
Philippines,1993,1A2M,Natural gas,NA,NA,NA,NA,NA
Philippines,1993,1A2M,Oil,NA,NA,NA,NA,NA
Philippines,1993,1A3,Coal,NA,NA,NA,NA,NA
Philippines,1993,1A3,Natural gas,NA,NA,NA,NA,NA
Philippines,1993,1A3,Oil,NA,NA,NA,NA,NA
Philippines,1993,1A3A,Coal,NA,NA,NA,NA,NA
Philippines,1993,1A3A,Natural gas,NA,NA,NA,NA,NA
Philippines,1993,1A3A,Oil,NA,NA,NA,NA,NA
Philippines,1993,1A3A1,Coal,NA,NA,NA,NA,NA
Philippines,1993,1A3A1,Natural gas,NA,NA,NA,NA,NA
Philippines,1993,1A3A1,Oil,NA,NA,NA,NA,NA
Philippines,1993,1A3A2,Coal,NA,NA,NA,NA,NA
Philippines,1993,1A3A2,Natural gas,NA,NA,NA,NA,NA
Philippines,1993,1A3A2,Oil,NA,NA,NA,NA,NA
Philippines,1993,1A3B,Coal,NA,NA,NA,NA,NA
Philippines,1993,1A3B,Natural gas,NA,NA,NA,NA,NA
Philippines,1993,1A3B,Oil,NA,NA,NA,NA,NA
Philippines,1993,1A3C,Coal,NA,NA,NA,NA,NA
Philippines,1993,1A3C,Natural gas,NA,NA,NA,NA,NA
Philippines,1993,1A3C,Oil,NA,NA,NA,NA,NA
Philippines,1993,1A3D,Coal,NA,NA,NA,NA,NA
Philippines,1993,1A3D,Natural gas,NA,NA,NA,NA,NA
Philippines,1993,1A3D,Oil,NA,NA,NA,NA,NA
Philippines,1993,1A3D1,Coal,NA,NA,NA,NA,NA
Philippines,1993,1A3D1,Natural gas,NA,NA,NA,NA,NA
Philippines,1993,1A3D1,Oil,NA,NA,NA,NA,NA
Philippines,1993,1A3D2,Coal,NA,NA,NA,NA,NA
Philippines,1993,1A3D2,Natural gas,NA,NA,NA,NA,NA
Philippines,1993,1A3D2,Oil,NA,NA,NA,NA,NA
Philippines,1993,1A3E,Coal,NA,NA,NA,NA,NA
Philippines,1993,1A3E,Natural gas,NA,NA,NA,NA,NA
Philippines,1993,1A3E,Oil,NA,NA,NA,NA,NA
Philippines,1993,1A3E1,Coal,NA,NA,NA,NA,NA
Philippines,1993,1A3E1,Natural gas,NA,NA,NA,NA,NA
Philippines,1993,1A3E1,Oil,NA,NA,NA,NA,NA
Philippines,1993,1A4,Coal,NA,NA,NA,NA,NA
Philippines,1993,1A4,Natural gas,NA,NA,NA,NA,NA
Philippines,1993,1A4,Oil,NA,NA,NA,NA,NA
Philippines,1993,1A4A,Coal,NA,NA,NA,NA,NA
Philippines,1993,1A4A,Natural gas,NA,NA,NA,NA,NA
Philippines,1993,1A4A,Oil,NA,NA,NA,NA,NA
Philippines,1993,1A4B,Coal,NA,NA,NA,NA,NA
Philippines,1993,1A4B,Natural gas,NA,NA,NA,NA,NA
Philippines,1993,1A4B,Oil,NA,NA,NA,NA,NA
Philippines,1993,1A4C,Coal,NA,NA,NA,NA,NA
Philippines,1993,1A4C,Natural gas,NA,NA,NA,NA,NA
Philippines,1993,1A4C,Oil,NA,NA,NA,NA,NA
Philippines,1993,1A4C1,Coal,NA,NA,NA,NA,NA
Philippines,1993,1A4C1,Natural gas,NA,NA,NA,NA,NA
Philippines,1993,1A4C1,Oil,NA,NA,NA,NA,NA
Philippines,1993,1A4C2,Coal,NA,NA,NA,NA,NA
Philippines,1993,1A4C2,Natural gas,NA,NA,NA,NA,NA
Philippines,1993,1A4C2,Oil,NA,NA,NA,NA,NA
Philippines,1993,1A4C3,Coal,NA,NA,NA,NA,NA
Philippines,1993,1A4C3,Natural gas,NA,NA,NA,NA,NA
Philippines,1993,1A4C3,Oil,NA,NA,NA,NA,NA
Philippines,1993,1A5,Coal,NA,NA,NA,NA,NA
Philippines,1993,1A5,Natural gas,NA,NA,NA,NA,NA
Philippines,1993,1A5,Oil,NA,NA,NA,NA,NA
Philippines,1993,1A5A,Coal,NA,NA,NA,NA,NA
Philippines,1993,1A5A,Natural gas,NA,NA,NA,NA,NA
Philippines,1993,1A5A,Oil,NA,NA,NA,NA,NA
Philippines,1993,1A5B,Coal,NA,NA,NA,NA,NA
Philippines,1993,1A5B,Natural gas,NA,NA,NA,NA,NA
Philippines,1993,1A5B,Oil,NA,NA,NA,NA,NA
Philippines,1993,1A5C,Coal,NA,NA,NA,NA,NA
Philippines,1993,1A5C,Natural gas,NA,NA,NA,NA,NA
Philippines,1993,1A5C,Oil,NA,NA,NA,NA,NA
Philippines,1993,1B,NA,NA,NA,NA,NA,NA
Philippines,1993,1B1,NA,NA,NA,NA,NA,NA
Philippines,1993,1B1A,NA,NA,NA,NA,NA,NA
Philippines,1993,1B1A1,NA,NA,NA,NA,NA,NA
Philippines,1993,1B1A11,NA,NA,NA,NA,NA,NA
Philippines,1993,1B1A12,NA,NA,NA,NA,NA,NA
Philippines,1993,1B1A13,NA,NA,NA,NA,NA,NA
Philippines,1993,1B1A14,NA,NA,NA,NA,NA,NA
Philippines,1993,1B1A2,NA,NA,NA,NA,NA,NA
Philippines,1993,1B1A21,NA,NA,NA,NA,NA,NA
Philippines,1993,1B1A22,NA,NA,NA,NA,NA,NA
Philippines,1993,1B1B,NA,NA,NA,NA,NA,NA
Philippines,1993,1B2,NA,NA,NA,NA,NA,NA
Philippines,1993,1B2A,NA,NA,NA,NA,NA,NA
Philippines,1993,1B2A1,NA,NA,NA,NA,NA,NA
Philippines,1993,1B2A2,NA,NA,NA,NA,NA,NA
Philippines,1993,1B2A3,NA,NA,NA,NA,NA,NA
Philippines,1993,1B2A31,NA,NA,NA,NA,NA,NA
Philippines,1993,1B2A32,NA,NA,NA,NA,NA,NA
Philippines,1993,1B2A33,NA,NA,NA,NA,NA,NA
Philippines,1993,1B2A34,NA,NA,NA,NA,NA,NA
Philippines,1993,1B2A35,NA,NA,NA,NA,NA,NA
Philippines,1993,1B2A36,NA,NA,NA,NA,NA,NA
Philippines,1993,1B2B,NA,NA,NA,NA,NA,NA
Philippines,1993,1B2B1,NA,NA,NA,NA,NA,NA
Philippines,1993,1B2B2,NA,NA,NA,NA,NA,NA
Philippines,1993,1B2B3,NA,NA,NA,NA,NA,NA
Philippines,1993,1B2B31,NA,NA,NA,NA,NA,NA
Philippines,1993,1B2B32,NA,NA,NA,NA,NA,NA
Philippines,1993,1B2B33,NA,NA,NA,NA,NA,NA
Philippines,1993,1B2B34,NA,NA,NA,NA,NA,NA
Philippines,1993,1B2B35,NA,NA,NA,NA,NA,NA
Philippines,1993,1B2B36,NA,NA,NA,NA,NA,NA
Philippines,1993,1B3,NA,NA,NA,NA,NA,NA
Philippines,1993,1C,NA,NA,NA,NA,NA,NA
Philippines,1993,1C1,NA,NA,NA,NA,NA,NA
Philippines,1993,1C1A,NA,NA,NA,NA,NA,NA
Philippines,1993,1C1B,NA,NA,NA,NA,NA,NA
Philippines,1993,1C1C,NA,NA,NA,NA,NA,NA
Philippines,1993,1C2,NA,NA,NA,NA,NA,NA
Philippines,1993,1C2A,NA,NA,NA,NA,NA,NA
Philippines,1993,1C2B,NA,NA,NA,NA,NA,NA
Philippines,1993,1C3,NA,NA,NA,NA,NA,NA
Philippines,1993,2A,NA,NA,NA,NA,NA,NA
Philippines,1993,2A1,NA,NA,NA,NA,NA,NA
Philippines,1993,2A2,NA,NA,NA,NA,NA,NA
Philippines,1993,2A3,NA,NA,NA,NA,NA,NA
Philippines,1993,2A4,NA,NA,NA,NA,NA,NA
Philippines,1993,2A4A,NA,NA,NA,NA,NA,NA
Philippines,1993,2A4B,NA,NA,NA,NA,NA,NA
Philippines,1993,2A4C,NA,NA,NA,NA,NA,NA
Philippines,1993,2A4D,NA,NA,NA,NA,NA,NA
Philippines,1993,2B,NA,NA,NA,NA,NA,NA
Philippines,1993,2B1,NA,NA,NA,NA,NA,NA
Philippines,1993,2B10,NA,NA,NA,NA,NA,NA
Philippines,1993,2B2,NA,NA,NA,NA,NA,NA
Philippines,1993,2B3,NA,NA,NA,NA,NA,NA
Philippines,1993,2B4,NA,NA,NA,NA,NA,NA
Philippines,1993,2B5,NA,NA,NA,NA,NA,NA
Philippines,1993,2B6,NA,NA,NA,NA,NA,NA
Philippines,1993,2B7,NA,NA,NA,NA,NA,NA
Philippines,1993,2B8,NA,NA,NA,NA,NA,NA
Philippines,1993,2B8A,NA,NA,NA,NA,NA,NA
Philippines,1993,2B8B,NA,NA,NA,NA,NA,NA
Philippines,1993,2B8C,NA,NA,NA,NA,NA,NA
Philippines,1993,2B8D,NA,NA,NA,NA,NA,NA
Philippines,1993,2B8E,NA,NA,NA,NA,NA,NA
Philippines,1993,2B8F,NA,NA,NA,NA,NA,NA
Philippines,1993,2B9,NA,NA,NA,NA,NA,NA
Philippines,1993,2B9A,NA,NA,NA,NA,NA,NA
Philippines,1993,2B9B,NA,NA,NA,NA,NA,NA
Philippines,1993,2C,NA,NA,NA,NA,NA,NA
Philippines,1993,2C1,NA,NA,NA,NA,NA,NA
Philippines,1993,2C2,NA,NA,NA,NA,NA,NA
Philippines,1993,2C3,NA,NA,NA,NA,NA,NA
Philippines,1993,2C4,NA,NA,NA,NA,NA,NA
Philippines,1993,2C5,NA,NA,NA,NA,NA,NA
Philippines,1993,2C6,NA,NA,NA,NA,NA,NA
Philippines,1993,2C7,NA,NA,NA,NA,NA,NA
Philippines,1993,2D,NA,NA,NA,NA,NA,NA
Philippines,1993,2D1,NA,NA,NA,NA,NA,NA
Philippines,1993,2D2,NA,NA,NA,NA,NA,NA
Philippines,1993,2D3,NA,NA,NA,NA,NA,NA
Philippines,1993,2D4,NA,NA,NA,NA,NA,NA
Philippines,1993,2E,NA,NA,NA,NA,NA,NA
Philippines,1993,2E1,NA,NA,NA,NA,NA,NA
Philippines,1993,2E2,NA,NA,NA,NA,NA,NA
Philippines,1993,2E3,NA,NA,NA,NA,NA,NA
Philippines,1993,2E4,NA,NA,NA,NA,NA,NA
Philippines,1993,2E5,NA,NA,NA,NA,NA,NA
Philippines,1993,2F,NA,NA,NA,NA,NA,NA
Philippines,1993,2F1,NA,NA,NA,NA,NA,NA
Philippines,1993,2F2,NA,NA,NA,NA,NA,NA
Philippines,1993,2F3,NA,NA,NA,NA,NA,NA
Philippines,1993,2F4,NA,NA,NA,NA,NA,NA
Philippines,1993,2F5,NA,NA,NA,NA,NA,NA
Philippines,1993,2F6,NA,NA,NA,NA,NA,NA
Philippines,1993,2G,NA,NA,NA,NA,NA,NA
Philippines,1993,2G1,NA,NA,NA,NA,NA,NA
Philippines,1993,2G2,NA,NA,NA,NA,NA,NA
Philippines,1993,2G3,NA,NA,NA,NA,NA,NA
Philippines,1993,2G4,NA,NA,NA,NA,NA,NA
Philippines,1993,2H,NA,NA,NA,NA,NA,NA
Philippines,1993,2H1,NA,NA,NA,NA,NA,NA
Philippines,1993,2H2,NA,NA,NA,NA,NA,NA
Philippines,1993,2H3,NA,NA,NA,NA,NA,NA
Philippines,1993,3A,NA,NA,NA,NA,NA,NA
Philippines,1993,3A1,NA,NA,NA,NA,NA,NA
Philippines,1993,3A2,NA,NA,NA,NA,NA,NA
Philippines,1993,3B,NA,NA,NA,NA,NA,NA
Philippines,1993,3B1,NA,NA,NA,NA,NA,NA
Philippines,1993,3B1A,NA,NA,NA,NA,NA,NA
Philippines,1993,3B1B,NA,NA,NA,NA,NA,NA
Philippines,1993,3B2,NA,NA,NA,NA,NA,NA
Philippines,1993,3B2A,NA,NA,NA,NA,NA,NA
Philippines,1993,3B2B,NA,NA,NA,NA,NA,NA
Philippines,1993,3B3,NA,NA,NA,NA,NA,NA
Philippines,1993,3B3A,NA,NA,NA,NA,NA,NA
Philippines,1993,3B3B,NA,NA,NA,NA,NA,NA
Philippines,1993,3B4,NA,NA,NA,NA,NA,NA
Philippines,1993,3B4A,NA,NA,NA,NA,NA,NA
Philippines,1993,3B4B,NA,NA,NA,NA,NA,NA
Philippines,1993,3B5,NA,NA,NA,NA,NA,NA
Philippines,1993,3B5A,NA,NA,NA,NA,NA,NA
Philippines,1993,3B5B,NA,NA,NA,NA,NA,NA
Philippines,1993,3B6,NA,NA,NA,NA,NA,NA
Philippines,1993,3B6A,NA,NA,NA,NA,NA,NA
Philippines,1993,3B6B,NA,NA,NA,NA,NA,NA
Philippines,1993,3B6B1,NA,NA,NA,NA,NA,NA
Philippines,1993,3B6B2,NA,NA,NA,NA,NA,NA
Philippines,1993,3B6B3,NA,NA,NA,NA,NA,NA
Philippines,1993,3B6B4,NA,NA,NA,NA,NA,NA
Philippines,1993,3B6B5,NA,NA,NA,NA,NA,NA
Philippines,1993,3C,NA,NA,NA,NA,NA,NA
Philippines,1993,3C1,NA,NA,NA,NA,NA,NA
Philippines,1993,3C2,NA,NA,NA,NA,NA,NA
Philippines,1993,3C3,NA,NA,NA,NA,NA,NA
Philippines,1993,3C4,NA,NA,NA,NA,NA,NA
Philippines,1993,3C5,NA,NA,NA,NA,NA,NA
Philippines,1993,3C6,NA,NA,NA,NA,NA,NA
Philippines,1993,3C7,NA,NA,NA,NA,NA,NA
Philippines,1993,3C8,NA,NA,NA,NA,NA,NA
Philippines,1993,3D,NA,NA,NA,NA,NA,NA
Philippines,1993,3D1,NA,NA,NA,NA,NA,NA
Philippines,1993,3D2,NA,NA,NA,NA,NA,NA
Philippines,1993,4A,NA,NA,NA,NA,NA,NA
Philippines,1993,4A1,NA,NA,NA,NA,NA,NA
Philippines,1993,4A2,NA,NA,NA,NA,NA,NA
Philippines,1993,4A3,NA,NA,NA,NA,NA,NA
Philippines,1993,4B,NA,NA,NA,NA,NA,NA
Philippines,1993,4C,NA,NA,NA,NA,NA,NA
Philippines,1993,4C1,NA,NA,NA,NA,NA,NA
Philippines,1993,4C2,NA,NA,NA,NA,NA,NA
Philippines,1993,4D,NA,NA,NA,NA,NA,NA
Philippines,1993,4D1,NA,NA,NA,NA,NA,NA
Philippines,1993,4D2,NA,NA,NA,NA,NA,NA
Philippines,1993,4E,NA,NA,NA,NA,NA,NA
Philippines,1993,5A,NA,NA,NA,NA,NA,NA
Philippines,1993,5A1,NA,NA,NA,NA,NA,NA
Philippines,1993,5A2,NA,NA,NA,NA,NA,NA
Philippines,1994,0,NA,NA,NA,NA,NA,NA
Philippines,1994,1,NA,NA,NA,NA,NA,NA
Philippines,1994,2,NA,NA,NA,NA,NA,NA
Philippines,1994,3,NA,NA,NA,NA,NA,NA
Philippines,1994,4,NA,NA,NA,NA,NA,NA
Philippines,1994,5,NA,NA,NA,NA,NA,NA
Philippines,1994,1A,Coal,NA,NA,NA,NA,NA
Philippines,1994,1A,Natural gas,NA,NA,NA,NA,NA
Philippines,1994,1A,Oil,NA,NA,NA,NA,NA
Philippines,1994,1A1,Coal,NA,NA,NA,NA,NA
Philippines,1994,1A1,Natural gas,NA,NA,NA,NA,NA
Philippines,1994,1A1,Oil,NA,NA,NA,NA,NA
Philippines,1994,1A1A,Coal,NA,NA,NA,NA,NA
Philippines,1994,1A1A,Natural gas,NA,NA,NA,NA,NA
Philippines,1994,1A1A,Oil,NA,NA,NA,NA,NA
Philippines,1994,1A1A1,Coal,NA,NA,NA,NA,NA
Philippines,1994,1A1A1,Natural gas,NA,NA,NA,NA,NA
Philippines,1994,1A1A1,Oil,NA,NA,NA,NA,NA
Philippines,1994,1A1A2,Coal,NA,NA,NA,NA,NA
Philippines,1994,1A1A2,Natural gas,NA,NA,NA,NA,NA
Philippines,1994,1A1A2,Oil,NA,NA,NA,NA,NA
Philippines,1994,1A1A3,Coal,NA,NA,NA,NA,NA
Philippines,1994,1A1A3,Natural gas,NA,NA,NA,NA,NA
Philippines,1994,1A1A3,Oil,NA,NA,NA,NA,NA
Philippines,1994,1A1B,Coal,NA,NA,NA,NA,NA
Philippines,1994,1A1B,Natural gas,NA,NA,NA,NA,NA
Philippines,1994,1A1B,Oil,NA,NA,NA,NA,NA
Philippines,1994,1A1C,Coal,NA,NA,NA,NA,NA
Philippines,1994,1A1C,Natural gas,NA,NA,NA,NA,NA
Philippines,1994,1A1C,Oil,NA,NA,NA,NA,NA
Philippines,1994,1A2,Coal,NA,NA,NA,NA,NA
Philippines,1994,1A2,Natural gas,NA,NA,NA,NA,NA
Philippines,1994,1A2,Oil,NA,NA,NA,NA,NA
Philippines,1994,1A2A,Coal,NA,NA,NA,NA,NA
Philippines,1994,1A2A,Natural gas,NA,NA,NA,NA,NA
Philippines,1994,1A2A,Oil,NA,NA,NA,NA,NA
Philippines,1994,1A2B,Coal,NA,NA,NA,NA,NA
Philippines,1994,1A2B,Natural gas,NA,NA,NA,NA,NA
Philippines,1994,1A2B,Oil,NA,NA,NA,NA,NA
Philippines,1994,1A2C,Coal,NA,NA,NA,NA,NA
Philippines,1994,1A2C,Natural gas,NA,NA,NA,NA,NA
Philippines,1994,1A2C,Oil,NA,NA,NA,NA,NA
Philippines,1994,1A2D,Coal,NA,NA,NA,NA,NA
Philippines,1994,1A2D,Natural gas,NA,NA,NA,NA,NA
Philippines,1994,1A2D,Oil,NA,NA,NA,NA,NA
Philippines,1994,1A2E,Coal,NA,NA,NA,NA,NA
Philippines,1994,1A2E,Natural gas,NA,NA,NA,NA,NA
Philippines,1994,1A2E,Oil,NA,NA,NA,NA,NA
Philippines,1994,1A2F,Coal,NA,NA,NA,NA,NA
Philippines,1994,1A2F,Natural gas,NA,NA,NA,NA,NA
Philippines,1994,1A2F,Oil,NA,NA,NA,NA,NA
Philippines,1994,1A2G,Coal,NA,NA,NA,NA,NA
Philippines,1994,1A2G,Natural gas,NA,NA,NA,NA,NA
Philippines,1994,1A2G,Oil,NA,NA,NA,NA,NA
Philippines,1994,1A2H,Coal,NA,NA,NA,NA,NA
Philippines,1994,1A2H,Natural gas,NA,NA,NA,NA,NA
Philippines,1994,1A2H,Oil,NA,NA,NA,NA,NA
Philippines,1994,1A2I,Coal,NA,NA,NA,NA,NA
Philippines,1994,1A2I,Natural gas,NA,NA,NA,NA,NA
Philippines,1994,1A2I,Oil,NA,NA,NA,NA,NA
Philippines,1994,1A2J,Coal,NA,NA,NA,NA,NA
Philippines,1994,1A2J,Natural gas,NA,NA,NA,NA,NA
Philippines,1994,1A2J,Oil,NA,NA,NA,NA,NA
Philippines,1994,1A2K,Coal,NA,NA,NA,NA,NA
Philippines,1994,1A2K,Natural gas,NA,NA,NA,NA,NA
Philippines,1994,1A2K,Oil,NA,NA,NA,NA,NA
Philippines,1994,1A2L,Coal,NA,NA,NA,NA,NA
Philippines,1994,1A2L,Natural gas,NA,NA,NA,NA,NA
Philippines,1994,1A2L,Oil,NA,NA,NA,NA,NA
Philippines,1994,1A2M,Coal,NA,NA,NA,NA,NA
Philippines,1994,1A2M,Natural gas,NA,NA,NA,NA,NA
Philippines,1994,1A2M,Oil,NA,NA,NA,NA,NA
Philippines,1994,1A3,Coal,NA,NA,NA,NA,NA
Philippines,1994,1A3,Natural gas,NA,NA,NA,NA,NA
Philippines,1994,1A3,Oil,NA,NA,NA,NA,NA
Philippines,1994,1A3A,Coal,NA,NA,NA,NA,NA
Philippines,1994,1A3A,Natural gas,NA,NA,NA,NA,NA
Philippines,1994,1A3A,Oil,NA,NA,NA,NA,NA
Philippines,1994,1A3A1,Coal,NA,NA,NA,NA,NA
Philippines,1994,1A3A1,Natural gas,NA,NA,NA,NA,NA
Philippines,1994,1A3A1,Oil,NA,NA,NA,NA,NA
Philippines,1994,1A3A2,Coal,NA,NA,NA,NA,NA
Philippines,1994,1A3A2,Natural gas,NA,NA,NA,NA,NA
Philippines,1994,1A3A2,Oil,NA,NA,NA,NA,NA
Philippines,1994,1A3B,Coal,NA,NA,NA,NA,NA
Philippines,1994,1A3B,Natural gas,NA,NA,NA,NA,NA
Philippines,1994,1A3B,Oil,NA,NA,NA,NA,NA
Philippines,1994,1A3C,Coal,NA,NA,NA,NA,NA
Philippines,1994,1A3C,Natural gas,NA,NA,NA,NA,NA
Philippines,1994,1A3C,Oil,NA,NA,NA,NA,NA
Philippines,1994,1A3D,Coal,NA,NA,NA,NA,NA
Philippines,1994,1A3D,Natural gas,NA,NA,NA,NA,NA
Philippines,1994,1A3D,Oil,NA,NA,NA,NA,NA
Philippines,1994,1A3D1,Coal,NA,NA,NA,NA,NA
Philippines,1994,1A3D1,Natural gas,NA,NA,NA,NA,NA
Philippines,1994,1A3D1,Oil,NA,NA,NA,NA,NA
Philippines,1994,1A3D2,Coal,NA,NA,NA,NA,NA
Philippines,1994,1A3D2,Natural gas,NA,NA,NA,NA,NA
Philippines,1994,1A3D2,Oil,NA,NA,NA,NA,NA
Philippines,1994,1A3E,Coal,NA,NA,NA,NA,NA
Philippines,1994,1A3E,Natural gas,NA,NA,NA,NA,NA
Philippines,1994,1A3E,Oil,NA,NA,NA,NA,NA
Philippines,1994,1A3E1,Coal,NA,NA,NA,NA,NA
Philippines,1994,1A3E1,Natural gas,NA,NA,NA,NA,NA
Philippines,1994,1A3E1,Oil,NA,NA,NA,NA,NA
Philippines,1994,1A4,Coal,NA,NA,NA,NA,NA
Philippines,1994,1A4,Natural gas,NA,NA,NA,NA,NA
Philippines,1994,1A4,Oil,NA,NA,NA,NA,NA
Philippines,1994,1A4A,Coal,NA,NA,NA,NA,NA
Philippines,1994,1A4A,Natural gas,NA,NA,NA,NA,NA
Philippines,1994,1A4A,Oil,NA,NA,NA,NA,NA
Philippines,1994,1A4B,Coal,NA,NA,NA,NA,NA
Philippines,1994,1A4B,Natural gas,NA,NA,NA,NA,NA
Philippines,1994,1A4B,Oil,NA,NA,NA,NA,NA
Philippines,1994,1A4C,Coal,NA,NA,NA,NA,NA
Philippines,1994,1A4C,Natural gas,NA,NA,NA,NA,NA
Philippines,1994,1A4C,Oil,NA,NA,NA,NA,NA
Philippines,1994,1A4C1,Coal,NA,NA,NA,NA,NA
Philippines,1994,1A4C1,Natural gas,NA,NA,NA,NA,NA
Philippines,1994,1A4C1,Oil,NA,NA,NA,NA,NA
Philippines,1994,1A4C2,Coal,NA,NA,NA,NA,NA
Philippines,1994,1A4C2,Natural gas,NA,NA,NA,NA,NA
Philippines,1994,1A4C2,Oil,NA,NA,NA,NA,NA
Philippines,1994,1A4C3,Coal,NA,NA,NA,NA,NA
Philippines,1994,1A4C3,Natural gas,NA,NA,NA,NA,NA
Philippines,1994,1A4C3,Oil,NA,NA,NA,NA,NA
Philippines,1994,1A5,Coal,NA,NA,NA,NA,NA
Philippines,1994,1A5,Natural gas,NA,NA,NA,NA,NA
Philippines,1994,1A5,Oil,NA,NA,NA,NA,NA
Philippines,1994,1A5A,Coal,NA,NA,NA,NA,NA
Philippines,1994,1A5A,Natural gas,NA,NA,NA,NA,NA
Philippines,1994,1A5A,Oil,NA,NA,NA,NA,NA
Philippines,1994,1A5B,Coal,NA,NA,NA,NA,NA
Philippines,1994,1A5B,Natural gas,NA,NA,NA,NA,NA
Philippines,1994,1A5B,Oil,NA,NA,NA,NA,NA
Philippines,1994,1A5C,Coal,NA,NA,NA,NA,NA
Philippines,1994,1A5C,Natural gas,NA,NA,NA,NA,NA
Philippines,1994,1A5C,Oil,NA,NA,NA,NA,NA
Philippines,1994,1B,NA,NA,NA,NA,NA,NA
Philippines,1994,1B1,NA,NA,NA,NA,NA,NA
Philippines,1994,1B1A,NA,NA,NA,NA,NA,NA
Philippines,1994,1B1A1,NA,NA,NA,NA,NA,NA
Philippines,1994,1B1A11,NA,NA,NA,NA,NA,NA
Philippines,1994,1B1A12,NA,NA,NA,NA,NA,NA
Philippines,1994,1B1A13,NA,NA,NA,NA,NA,NA
Philippines,1994,1B1A14,NA,NA,NA,NA,NA,NA
Philippines,1994,1B1A2,NA,NA,NA,NA,NA,NA
Philippines,1994,1B1A21,NA,NA,NA,NA,NA,NA
Philippines,1994,1B1A22,NA,NA,NA,NA,NA,NA
Philippines,1994,1B1B,NA,NA,NA,NA,NA,NA
Philippines,1994,1B2,NA,NA,NA,NA,NA,NA
Philippines,1994,1B2A,NA,NA,NA,NA,NA,NA
Philippines,1994,1B2A1,NA,NA,NA,NA,NA,NA
Philippines,1994,1B2A2,NA,NA,NA,NA,NA,NA
Philippines,1994,1B2A3,NA,NA,NA,NA,NA,NA
Philippines,1994,1B2A31,NA,NA,NA,NA,NA,NA
Philippines,1994,1B2A32,NA,NA,NA,NA,NA,NA
Philippines,1994,1B2A33,NA,NA,NA,NA,NA,NA
Philippines,1994,1B2A34,NA,NA,NA,NA,NA,NA
Philippines,1994,1B2A35,NA,NA,NA,NA,NA,NA
Philippines,1994,1B2A36,NA,NA,NA,NA,NA,NA
Philippines,1994,1B2B,NA,NA,NA,NA,NA,NA
Philippines,1994,1B2B1,NA,NA,NA,NA,NA,NA
Philippines,1994,1B2B2,NA,NA,NA,NA,NA,NA
Philippines,1994,1B2B3,NA,NA,NA,NA,NA,NA
Philippines,1994,1B2B31,NA,NA,NA,NA,NA,NA
Philippines,1994,1B2B32,NA,NA,NA,NA,NA,NA
Philippines,1994,1B2B33,NA,NA,NA,NA,NA,NA
Philippines,1994,1B2B34,NA,NA,NA,NA,NA,NA
Philippines,1994,1B2B35,NA,NA,NA,NA,NA,NA
Philippines,1994,1B2B36,NA,NA,NA,NA,NA,NA
Philippines,1994,1B3,NA,NA,NA,NA,NA,NA
Philippines,1994,1C,NA,NA,NA,NA,NA,NA
Philippines,1994,1C1,NA,NA,NA,NA,NA,NA
Philippines,1994,1C1A,NA,NA,NA,NA,NA,NA
Philippines,1994,1C1B,NA,NA,NA,NA,NA,NA
Philippines,1994,1C1C,NA,NA,NA,NA,NA,NA
Philippines,1994,1C2,NA,NA,NA,NA,NA,NA
Philippines,1994,1C2A,NA,NA,NA,NA,NA,NA
Philippines,1994,1C2B,NA,NA,NA,NA,NA,NA
Philippines,1994,1C3,NA,NA,NA,NA,NA,NA
Philippines,1994,2A,NA,NA,NA,NA,NA,NA
Philippines,1994,2A1,NA,NA,NA,NA,NA,NA
Philippines,1994,2A2,NA,NA,NA,NA,NA,NA
Philippines,1994,2A3,NA,NA,NA,NA,NA,NA
Philippines,1994,2A4,NA,NA,NA,NA,NA,NA
Philippines,1994,2A4A,NA,NA,NA,NA,NA,NA
Philippines,1994,2A4B,NA,NA,NA,NA,NA,NA
Philippines,1994,2A4C,NA,NA,NA,NA,NA,NA
Philippines,1994,2A4D,NA,NA,NA,NA,NA,NA
Philippines,1994,2B,NA,NA,NA,NA,NA,NA
Philippines,1994,2B1,NA,NA,NA,NA,NA,NA
Philippines,1994,2B10,NA,NA,NA,NA,NA,NA
Philippines,1994,2B2,NA,NA,NA,NA,NA,NA
Philippines,1994,2B3,NA,NA,NA,NA,NA,NA
Philippines,1994,2B4,NA,NA,NA,NA,NA,NA
Philippines,1994,2B5,NA,NA,NA,NA,NA,NA
Philippines,1994,2B6,NA,NA,NA,NA,NA,NA
Philippines,1994,2B7,NA,NA,NA,NA,NA,NA
Philippines,1994,2B8,NA,NA,NA,NA,NA,NA
Philippines,1994,2B8A,NA,NA,NA,NA,NA,NA
Philippines,1994,2B8B,NA,NA,NA,NA,NA,NA
Philippines,1994,2B8C,NA,NA,NA,NA,NA,NA
Philippines,1994,2B8D,NA,NA,NA,NA,NA,NA
Philippines,1994,2B8E,NA,NA,NA,NA,NA,NA
Philippines,1994,2B8F,NA,NA,NA,NA,NA,NA
Philippines,1994,2B9,NA,NA,NA,NA,NA,NA
Philippines,1994,2B9A,NA,NA,NA,NA,NA,NA
Philippines,1994,2B9B,NA,NA,NA,NA,NA,NA
Philippines,1994,2C,NA,NA,NA,NA,NA,NA
Philippines,1994,2C1,NA,NA,NA,NA,NA,NA
Philippines,1994,2C2,NA,NA,NA,NA,NA,NA
Philippines,1994,2C3,NA,NA,NA,NA,NA,NA
Philippines,1994,2C4,NA,NA,NA,NA,NA,NA
Philippines,1994,2C5,NA,NA,NA,NA,NA,NA
Philippines,1994,2C6,NA,NA,NA,NA,NA,NA
Philippines,1994,2C7,NA,NA,NA,NA,NA,NA
Philippines,1994,2D,NA,NA,NA,NA,NA,NA
Philippines,1994,2D1,NA,NA,NA,NA,NA,NA
Philippines,1994,2D2,NA,NA,NA,NA,NA,NA
Philippines,1994,2D3,NA,NA,NA,NA,NA,NA
Philippines,1994,2D4,NA,NA,NA,NA,NA,NA
Philippines,1994,2E,NA,NA,NA,NA,NA,NA
Philippines,1994,2E1,NA,NA,NA,NA,NA,NA
Philippines,1994,2E2,NA,NA,NA,NA,NA,NA
Philippines,1994,2E3,NA,NA,NA,NA,NA,NA
Philippines,1994,2E4,NA,NA,NA,NA,NA,NA
Philippines,1994,2E5,NA,NA,NA,NA,NA,NA
Philippines,1994,2F,NA,NA,NA,NA,NA,NA
Philippines,1994,2F1,NA,NA,NA,NA,NA,NA
Philippines,1994,2F2,NA,NA,NA,NA,NA,NA
Philippines,1994,2F3,NA,NA,NA,NA,NA,NA
Philippines,1994,2F4,NA,NA,NA,NA,NA,NA
Philippines,1994,2F5,NA,NA,NA,NA,NA,NA
Philippines,1994,2F6,NA,NA,NA,NA,NA,NA
Philippines,1994,2G,NA,NA,NA,NA,NA,NA
Philippines,1994,2G1,NA,NA,NA,NA,NA,NA
Philippines,1994,2G2,NA,NA,NA,NA,NA,NA
Philippines,1994,2G3,NA,NA,NA,NA,NA,NA
Philippines,1994,2G4,NA,NA,NA,NA,NA,NA
Philippines,1994,2H,NA,NA,NA,NA,NA,NA
Philippines,1994,2H1,NA,NA,NA,NA,NA,NA
Philippines,1994,2H2,NA,NA,NA,NA,NA,NA
Philippines,1994,2H3,NA,NA,NA,NA,NA,NA
Philippines,1994,3A,NA,NA,NA,NA,NA,NA
Philippines,1994,3A1,NA,NA,NA,NA,NA,NA
Philippines,1994,3A2,NA,NA,NA,NA,NA,NA
Philippines,1994,3B,NA,NA,NA,NA,NA,NA
Philippines,1994,3B1,NA,NA,NA,NA,NA,NA
Philippines,1994,3B1A,NA,NA,NA,NA,NA,NA
Philippines,1994,3B1B,NA,NA,NA,NA,NA,NA
Philippines,1994,3B2,NA,NA,NA,NA,NA,NA
Philippines,1994,3B2A,NA,NA,NA,NA,NA,NA
Philippines,1994,3B2B,NA,NA,NA,NA,NA,NA
Philippines,1994,3B3,NA,NA,NA,NA,NA,NA
Philippines,1994,3B3A,NA,NA,NA,NA,NA,NA
Philippines,1994,3B3B,NA,NA,NA,NA,NA,NA
Philippines,1994,3B4,NA,NA,NA,NA,NA,NA
Philippines,1994,3B4A,NA,NA,NA,NA,NA,NA
Philippines,1994,3B4B,NA,NA,NA,NA,NA,NA
Philippines,1994,3B5,NA,NA,NA,NA,NA,NA
Philippines,1994,3B5A,NA,NA,NA,NA,NA,NA
Philippines,1994,3B5B,NA,NA,NA,NA,NA,NA
Philippines,1994,3B6,NA,NA,NA,NA,NA,NA
Philippines,1994,3B6A,NA,NA,NA,NA,NA,NA
Philippines,1994,3B6B,NA,NA,NA,NA,NA,NA
Philippines,1994,3B6B1,NA,NA,NA,NA,NA,NA
Philippines,1994,3B6B2,NA,NA,NA,NA,NA,NA
Philippines,1994,3B6B3,NA,NA,NA,NA,NA,NA
Philippines,1994,3B6B4,NA,NA,NA,NA,NA,NA
Philippines,1994,3B6B5,NA,NA,NA,NA,NA,NA
Philippines,1994,3C,NA,NA,NA,NA,NA,NA
Philippines,1994,3C1,NA,NA,NA,NA,NA,NA
Philippines,1994,3C2,NA,NA,NA,NA,NA,NA
Philippines,1994,3C3,NA,NA,NA,NA,NA,NA
Philippines,1994,3C4,NA,NA,NA,NA,NA,NA
Philippines,1994,3C5,NA,NA,NA,NA,NA,NA
Philippines,1994,3C6,NA,NA,NA,NA,NA,NA
Philippines,1994,3C7,NA,NA,NA,NA,NA,NA
Philippines,1994,3C8,NA,NA,NA,NA,NA,NA
Philippines,1994,3D,NA,NA,NA,NA,NA,NA
Philippines,1994,3D1,NA,NA,NA,NA,NA,NA
Philippines,1994,3D2,NA,NA,NA,NA,NA,NA
Philippines,1994,4A,NA,NA,NA,NA,NA,NA
Philippines,1994,4A1,NA,NA,NA,NA,NA,NA
Philippines,1994,4A2,NA,NA,NA,NA,NA,NA
Philippines,1994,4A3,NA,NA,NA,NA,NA,NA
Philippines,1994,4B,NA,NA,NA,NA,NA,NA
Philippines,1994,4C,NA,NA,NA,NA,NA,NA
Philippines,1994,4C1,NA,NA,NA,NA,NA,NA
Philippines,1994,4C2,NA,NA,NA,NA,NA,NA
Philippines,1994,4D,NA,NA,NA,NA,NA,NA
Philippines,1994,4D1,NA,NA,NA,NA,NA,NA
Philippines,1994,4D2,NA,NA,NA,NA,NA,NA
Philippines,1994,4E,NA,NA,NA,NA,NA,NA
Philippines,1994,5A,NA,NA,NA,NA,NA,NA
Philippines,1994,5A1,NA,NA,NA,NA,NA,NA
Philippines,1994,5A2,NA,NA,NA,NA,NA,NA
Philippines,1995,0,NA,NA,NA,NA,NA,NA
Philippines,1995,1,NA,NA,NA,NA,NA,NA
Philippines,1995,2,NA,NA,NA,NA,NA,NA
Philippines,1995,3,NA,NA,NA,NA,NA,NA
Philippines,1995,4,NA,NA,NA,NA,NA,NA
Philippines,1995,5,NA,NA,NA,NA,NA,NA
Philippines,1995,1A,Coal,NA,NA,NA,NA,NA
Philippines,1995,1A,Natural gas,NA,NA,NA,NA,NA
Philippines,1995,1A,Oil,NA,NA,NA,NA,NA
Philippines,1995,1A1,Coal,NA,NA,NA,NA,NA
Philippines,1995,1A1,Natural gas,NA,NA,NA,NA,NA
Philippines,1995,1A1,Oil,NA,NA,NA,NA,NA
Philippines,1995,1A1A,Coal,NA,NA,NA,NA,NA
Philippines,1995,1A1A,Natural gas,NA,NA,NA,NA,NA
Philippines,1995,1A1A,Oil,NA,NA,NA,NA,NA
Philippines,1995,1A1A1,Coal,NA,NA,NA,NA,NA
Philippines,1995,1A1A1,Natural gas,NA,NA,NA,NA,NA
Philippines,1995,1A1A1,Oil,NA,NA,NA,NA,NA
Philippines,1995,1A1A2,Coal,NA,NA,NA,NA,NA
Philippines,1995,1A1A2,Natural gas,NA,NA,NA,NA,NA
Philippines,1995,1A1A2,Oil,NA,NA,NA,NA,NA
Philippines,1995,1A1A3,Coal,NA,NA,NA,NA,NA
Philippines,1995,1A1A3,Natural gas,NA,NA,NA,NA,NA
Philippines,1995,1A1A3,Oil,NA,NA,NA,NA,NA
Philippines,1995,1A1B,Coal,NA,NA,NA,NA,NA
Philippines,1995,1A1B,Natural gas,NA,NA,NA,NA,NA
Philippines,1995,1A1B,Oil,NA,NA,NA,NA,NA
Philippines,1995,1A1C,Coal,NA,NA,NA,NA,NA
Philippines,1995,1A1C,Natural gas,NA,NA,NA,NA,NA
Philippines,1995,1A1C,Oil,NA,NA,NA,NA,NA
Philippines,1995,1A2,Coal,NA,NA,NA,NA,NA
Philippines,1995,1A2,Natural gas,NA,NA,NA,NA,NA
Philippines,1995,1A2,Oil,NA,NA,NA,NA,NA
Philippines,1995,1A2A,Coal,NA,NA,NA,NA,NA
Philippines,1995,1A2A,Natural gas,NA,NA,NA,NA,NA
Philippines,1995,1A2A,Oil,NA,NA,NA,NA,NA
Philippines,1995,1A2B,Coal,NA,NA,NA,NA,NA
Philippines,1995,1A2B,Natural gas,NA,NA,NA,NA,NA
Philippines,1995,1A2B,Oil,NA,NA,NA,NA,NA
Philippines,1995,1A2C,Coal,NA,NA,NA,NA,NA
Philippines,1995,1A2C,Natural gas,NA,NA,NA,NA,NA
Philippines,1995,1A2C,Oil,NA,NA,NA,NA,NA
Philippines,1995,1A2D,Coal,NA,NA,NA,NA,NA
Philippines,1995,1A2D,Natural gas,NA,NA,NA,NA,NA
Philippines,1995,1A2D,Oil,NA,NA,NA,NA,NA
Philippines,1995,1A2E,Coal,NA,NA,NA,NA,NA
Philippines,1995,1A2E,Natural gas,NA,NA,NA,NA,NA
Philippines,1995,1A2E,Oil,NA,NA,NA,NA,NA
Philippines,1995,1A2F,Coal,NA,NA,NA,NA,NA
Philippines,1995,1A2F,Natural gas,NA,NA,NA,NA,NA
Philippines,1995,1A2F,Oil,NA,NA,NA,NA,NA
Philippines,1995,1A2G,Coal,NA,NA,NA,NA,NA
Philippines,1995,1A2G,Natural gas,NA,NA,NA,NA,NA
Philippines,1995,1A2G,Oil,NA,NA,NA,NA,NA
Philippines,1995,1A2H,Coal,NA,NA,NA,NA,NA
Philippines,1995,1A2H,Natural gas,NA,NA,NA,NA,NA
Philippines,1995,1A2H,Oil,NA,NA,NA,NA,NA
Philippines,1995,1A2I,Coal,NA,NA,NA,NA,NA
Philippines,1995,1A2I,Natural gas,NA,NA,NA,NA,NA
Philippines,1995,1A2I,Oil,NA,NA,NA,NA,NA
Philippines,1995,1A2J,Coal,NA,NA,NA,NA,NA
Philippines,1995,1A2J,Natural gas,NA,NA,NA,NA,NA
Philippines,1995,1A2J,Oil,NA,NA,NA,NA,NA
Philippines,1995,1A2K,Coal,NA,NA,NA,NA,NA
Philippines,1995,1A2K,Natural gas,NA,NA,NA,NA,NA
Philippines,1995,1A2K,Oil,NA,NA,NA,NA,NA
Philippines,1995,1A2L,Coal,NA,NA,NA,NA,NA
Philippines,1995,1A2L,Natural gas,NA,NA,NA,NA,NA
Philippines,1995,1A2L,Oil,NA,NA,NA,NA,NA
Philippines,1995,1A2M,Coal,NA,NA,NA,NA,NA
Philippines,1995,1A2M,Natural gas,NA,NA,NA,NA,NA
Philippines,1995,1A2M,Oil,NA,NA,NA,NA,NA
Philippines,1995,1A3,Coal,NA,NA,NA,NA,NA
Philippines,1995,1A3,Natural gas,NA,NA,NA,NA,NA
Philippines,1995,1A3,Oil,NA,NA,NA,NA,NA
Philippines,1995,1A3A,Coal,NA,NA,NA,NA,NA
Philippines,1995,1A3A,Natural gas,NA,NA,NA,NA,NA
Philippines,1995,1A3A,Oil,NA,NA,NA,NA,NA
Philippines,1995,1A3A1,Coal,NA,NA,NA,NA,NA
Philippines,1995,1A3A1,Natural gas,NA,NA,NA,NA,NA
Philippines,1995,1A3A1,Oil,NA,NA,NA,NA,NA
Philippines,1995,1A3A2,Coal,NA,NA,NA,NA,NA
Philippines,1995,1A3A2,Natural gas,NA,NA,NA,NA,NA
Philippines,1995,1A3A2,Oil,NA,NA,NA,NA,NA
Philippines,1995,1A3B,Coal,NA,NA,NA,NA,NA
Philippines,1995,1A3B,Natural gas,NA,NA,NA,NA,NA
Philippines,1995,1A3B,Oil,NA,NA,NA,NA,NA
Philippines,1995,1A3C,Coal,NA,NA,NA,NA,NA
Philippines,1995,1A3C,Natural gas,NA,NA,NA,NA,NA
Philippines,1995,1A3C,Oil,NA,NA,NA,NA,NA
Philippines,1995,1A3D,Coal,NA,NA,NA,NA,NA
Philippines,1995,1A3D,Natural gas,NA,NA,NA,NA,NA
Philippines,1995,1A3D,Oil,NA,NA,NA,NA,NA
Philippines,1995,1A3D1,Coal,NA,NA,NA,NA,NA
Philippines,1995,1A3D1,Natural gas,NA,NA,NA,NA,NA
Philippines,1995,1A3D1,Oil,NA,NA,NA,NA,NA
Philippines,1995,1A3D2,Coal,NA,NA,NA,NA,NA
Philippines,1995,1A3D2,Natural gas,NA,NA,NA,NA,NA
Philippines,1995,1A3D2,Oil,NA,NA,NA,NA,NA
Philippines,1995,1A3E,Coal,NA,NA,NA,NA,NA
Philippines,1995,1A3E,Natural gas,NA,NA,NA,NA,NA
Philippines,1995,1A3E,Oil,NA,NA,NA,NA,NA
Philippines,1995,1A3E1,Coal,NA,NA,NA,NA,NA
Philippines,1995,1A3E1,Natural gas,NA,NA,NA,NA,NA
Philippines,1995,1A3E1,Oil,NA,NA,NA,NA,NA
Philippines,1995,1A4,Coal,NA,NA,NA,NA,NA
Philippines,1995,1A4,Natural gas,NA,NA,NA,NA,NA
Philippines,1995,1A4,Oil,NA,NA,NA,NA,NA
Philippines,1995,1A4A,Coal,NA,NA,NA,NA,NA
Philippines,1995,1A4A,Natural gas,NA,NA,NA,NA,NA
Philippines,1995,1A4A,Oil,NA,NA,NA,NA,NA
Philippines,1995,1A4B,Coal,NA,NA,NA,NA,NA
Philippines,1995,1A4B,Natural gas,NA,NA,NA,NA,NA
Philippines,1995,1A4B,Oil,NA,NA,NA,NA,NA
Philippines,1995,1A4C,Coal,NA,NA,NA,NA,NA
Philippines,1995,1A4C,Natural gas,NA,NA,NA,NA,NA
Philippines,1995,1A4C,Oil,NA,NA,NA,NA,NA
Philippines,1995,1A4C1,Coal,NA,NA,NA,NA,NA
Philippines,1995,1A4C1,Natural gas,NA,NA,NA,NA,NA
Philippines,1995,1A4C1,Oil,NA,NA,NA,NA,NA
Philippines,1995,1A4C2,Coal,NA,NA,NA,NA,NA
Philippines,1995,1A4C2,Natural gas,NA,NA,NA,NA,NA
Philippines,1995,1A4C2,Oil,NA,NA,NA,NA,NA
Philippines,1995,1A4C3,Coal,NA,NA,NA,NA,NA
Philippines,1995,1A4C3,Natural gas,NA,NA,NA,NA,NA
Philippines,1995,1A4C3,Oil,NA,NA,NA,NA,NA
Philippines,1995,1A5,Coal,NA,NA,NA,NA,NA
Philippines,1995,1A5,Natural gas,NA,NA,NA,NA,NA
Philippines,1995,1A5,Oil,NA,NA,NA,NA,NA
Philippines,1995,1A5A,Coal,NA,NA,NA,NA,NA
Philippines,1995,1A5A,Natural gas,NA,NA,NA,NA,NA
Philippines,1995,1A5A,Oil,NA,NA,NA,NA,NA
Philippines,1995,1A5B,Coal,NA,NA,NA,NA,NA
Philippines,1995,1A5B,Natural gas,NA,NA,NA,NA,NA
Philippines,1995,1A5B,Oil,NA,NA,NA,NA,NA
Philippines,1995,1A5C,Coal,NA,NA,NA,NA,NA
Philippines,1995,1A5C,Natural gas,NA,NA,NA,NA,NA
Philippines,1995,1A5C,Oil,NA,NA,NA,NA,NA
Philippines,1995,1B,NA,NA,NA,NA,NA,NA
Philippines,1995,1B1,NA,NA,NA,NA,NA,NA
Philippines,1995,1B1A,NA,NA,NA,NA,NA,NA
Philippines,1995,1B1A1,NA,NA,NA,NA,NA,NA
Philippines,1995,1B1A11,NA,NA,NA,NA,NA,NA
Philippines,1995,1B1A12,NA,NA,NA,NA,NA,NA
Philippines,1995,1B1A13,NA,NA,NA,NA,NA,NA
Philippines,1995,1B1A14,NA,NA,NA,NA,NA,NA
Philippines,1995,1B1A2,NA,NA,NA,NA,NA,NA
Philippines,1995,1B1A21,NA,NA,NA,NA,NA,NA
Philippines,1995,1B1A22,NA,NA,NA,NA,NA,NA
Philippines,1995,1B1B,NA,NA,NA,NA,NA,NA
Philippines,1995,1B2,NA,NA,NA,NA,NA,NA
Philippines,1995,1B2A,NA,NA,NA,NA,NA,NA
Philippines,1995,1B2A1,NA,NA,NA,NA,NA,NA
Philippines,1995,1B2A2,NA,NA,NA,NA,NA,NA
Philippines,1995,1B2A3,NA,NA,NA,NA,NA,NA
Philippines,1995,1B2A31,NA,NA,NA,NA,NA,NA
Philippines,1995,1B2A32,NA,NA,NA,NA,NA,NA
Philippines,1995,1B2A33,NA,NA,NA,NA,NA,NA
Philippines,1995,1B2A34,NA,NA,NA,NA,NA,NA
Philippines,1995,1B2A35,NA,NA,NA,NA,NA,NA
Philippines,1995,1B2A36,NA,NA,NA,NA,NA,NA
Philippines,1995,1B2B,NA,NA,NA,NA,NA,NA
Philippines,1995,1B2B1,NA,NA,NA,NA,NA,NA
Philippines,1995,1B2B2,NA,NA,NA,NA,NA,NA
Philippines,1995,1B2B3,NA,NA,NA,NA,NA,NA
Philippines,1995,1B2B31,NA,NA,NA,NA,NA,NA
Philippines,1995,1B2B32,NA,NA,NA,NA,NA,NA
Philippines,1995,1B2B33,NA,NA,NA,NA,NA,NA
Philippines,1995,1B2B34,NA,NA,NA,NA,NA,NA
Philippines,1995,1B2B35,NA,NA,NA,NA,NA,NA
Philippines,1995,1B2B36,NA,NA,NA,NA,NA,NA
Philippines,1995,1B3,NA,NA,NA,NA,NA,NA
Philippines,1995,1C,NA,NA,NA,NA,NA,NA
Philippines,1995,1C1,NA,NA,NA,NA,NA,NA
Philippines,1995,1C1A,NA,NA,NA,NA,NA,NA
Philippines,1995,1C1B,NA,NA,NA,NA,NA,NA
Philippines,1995,1C1C,NA,NA,NA,NA,NA,NA
Philippines,1995,1C2,NA,NA,NA,NA,NA,NA
Philippines,1995,1C2A,NA,NA,NA,NA,NA,NA
Philippines,1995,1C2B,NA,NA,NA,NA,NA,NA
Philippines,1995,1C3,NA,NA,NA,NA,NA,NA
Philippines,1995,2A,NA,NA,NA,NA,NA,NA
Philippines,1995,2A1,NA,NA,NA,NA,NA,NA
Philippines,1995,2A2,NA,NA,NA,NA,NA,NA
Philippines,1995,2A3,NA,NA,NA,NA,NA,NA
Philippines,1995,2A4,NA,NA,NA,NA,NA,NA
Philippines,1995,2A4A,NA,NA,NA,NA,NA,NA
Philippines,1995,2A4B,NA,NA,NA,NA,NA,NA
Philippines,1995,2A4C,NA,NA,NA,NA,NA,NA
Philippines,1995,2A4D,NA,NA,NA,NA,NA,NA
Philippines,1995,2B,NA,NA,NA,NA,NA,NA
Philippines,1995,2B1,NA,NA,NA,NA,NA,NA
Philippines,1995,2B10,NA,NA,NA,NA,NA,NA
Philippines,1995,2B2,NA,NA,NA,NA,NA,NA
Philippines,1995,2B3,NA,NA,NA,NA,NA,NA
Philippines,1995,2B4,NA,NA,NA,NA,NA,NA
Philippines,1995,2B5,NA,NA,NA,NA,NA,NA
Philippines,1995,2B6,NA,NA,NA,NA,NA,NA
Philippines,1995,2B7,NA,NA,NA,NA,NA,NA
Philippines,1995,2B8,NA,NA,NA,NA,NA,NA
Philippines,1995,2B8A,NA,NA,NA,NA,NA,NA
Philippines,1995,2B8B,NA,NA,NA,NA,NA,NA
Philippines,1995,2B8C,NA,NA,NA,NA,NA,NA
Philippines,1995,2B8D,NA,NA,NA,NA,NA,NA
Philippines,1995,2B8E,NA,NA,NA,NA,NA,NA
Philippines,1995,2B8F,NA,NA,NA,NA,NA,NA
Philippines,1995,2B9,NA,NA,NA,NA,NA,NA
Philippines,1995,2B9A,NA,NA,NA,NA,NA,NA
Philippines,1995,2B9B,NA,NA,NA,NA,NA,NA
Philippines,1995,2C,NA,NA,NA,NA,NA,NA
Philippines,1995,2C1,NA,NA,NA,NA,NA,NA
Philippines,1995,2C2,NA,NA,NA,NA,NA,NA
Philippines,1995,2C3,NA,NA,NA,NA,NA,NA
Philippines,1995,2C4,NA,NA,NA,NA,NA,NA
Philippines,1995,2C5,NA,NA,NA,NA,NA,NA
Philippines,1995,2C6,NA,NA,NA,NA,NA,NA
Philippines,1995,2C7,NA,NA,NA,NA,NA,NA
Philippines,1995,2D,NA,NA,NA,NA,NA,NA
Philippines,1995,2D1,NA,NA,NA,NA,NA,NA
Philippines,1995,2D2,NA,NA,NA,NA,NA,NA
Philippines,1995,2D3,NA,NA,NA,NA,NA,NA
Philippines,1995,2D4,NA,NA,NA,NA,NA,NA
Philippines,1995,2E,NA,NA,NA,NA,NA,NA
Philippines,1995,2E1,NA,NA,NA,NA,NA,NA
Philippines,1995,2E2,NA,NA,NA,NA,NA,NA
Philippines,1995,2E3,NA,NA,NA,NA,NA,NA
Philippines,1995,2E4,NA,NA,NA,NA,NA,NA
Philippines,1995,2E5,NA,NA,NA,NA,NA,NA
Philippines,1995,2F,NA,NA,NA,NA,NA,NA
Philippines,1995,2F1,NA,NA,NA,NA,NA,NA
Philippines,1995,2F2,NA,NA,NA,NA,NA,NA
Philippines,1995,2F3,NA,NA,NA,NA,NA,NA
Philippines,1995,2F4,NA,NA,NA,NA,NA,NA
Philippines,1995,2F5,NA,NA,NA,NA,NA,NA
Philippines,1995,2F6,NA,NA,NA,NA,NA,NA
Philippines,1995,2G,NA,NA,NA,NA,NA,NA
Philippines,1995,2G1,NA,NA,NA,NA,NA,NA
Philippines,1995,2G2,NA,NA,NA,NA,NA,NA
Philippines,1995,2G3,NA,NA,NA,NA,NA,NA
Philippines,1995,2G4,NA,NA,NA,NA,NA,NA
Philippines,1995,2H,NA,NA,NA,NA,NA,NA
Philippines,1995,2H1,NA,NA,NA,NA,NA,NA
Philippines,1995,2H2,NA,NA,NA,NA,NA,NA
Philippines,1995,2H3,NA,NA,NA,NA,NA,NA
Philippines,1995,3A,NA,NA,NA,NA,NA,NA
Philippines,1995,3A1,NA,NA,NA,NA,NA,NA
Philippines,1995,3A2,NA,NA,NA,NA,NA,NA
Philippines,1995,3B,NA,NA,NA,NA,NA,NA
Philippines,1995,3B1,NA,NA,NA,NA,NA,NA
Philippines,1995,3B1A,NA,NA,NA,NA,NA,NA
Philippines,1995,3B1B,NA,NA,NA,NA,NA,NA
Philippines,1995,3B2,NA,NA,NA,NA,NA,NA
Philippines,1995,3B2A,NA,NA,NA,NA,NA,NA
Philippines,1995,3B2B,NA,NA,NA,NA,NA,NA
Philippines,1995,3B3,NA,NA,NA,NA,NA,NA
Philippines,1995,3B3A,NA,NA,NA,NA,NA,NA
Philippines,1995,3B3B,NA,NA,NA,NA,NA,NA
Philippines,1995,3B4,NA,NA,NA,NA,NA,NA
Philippines,1995,3B4A,NA,NA,NA,NA,NA,NA
Philippines,1995,3B4B,NA,NA,NA,NA,NA,NA
Philippines,1995,3B5,NA,NA,NA,NA,NA,NA
Philippines,1995,3B5A,NA,NA,NA,NA,NA,NA
Philippines,1995,3B5B,NA,NA,NA,NA,NA,NA
Philippines,1995,3B6,NA,NA,NA,NA,NA,NA
Philippines,1995,3B6A,NA,NA,NA,NA,NA,NA
Philippines,1995,3B6B,NA,NA,NA,NA,NA,NA
Philippines,1995,3B6B1,NA,NA,NA,NA,NA,NA
Philippines,1995,3B6B2,NA,NA,NA,NA,NA,NA
Philippines,1995,3B6B3,NA,NA,NA,NA,NA,NA
Philippines,1995,3B6B4,NA,NA,NA,NA,NA,NA
Philippines,1995,3B6B5,NA,NA,NA,NA,NA,NA
Philippines,1995,3C,NA,NA,NA,NA,NA,NA
Philippines,1995,3C1,NA,NA,NA,NA,NA,NA
Philippines,1995,3C2,NA,NA,NA,NA,NA,NA
Philippines,1995,3C3,NA,NA,NA,NA,NA,NA
Philippines,1995,3C4,NA,NA,NA,NA,NA,NA
Philippines,1995,3C5,NA,NA,NA,NA,NA,NA
Philippines,1995,3C6,NA,NA,NA,NA,NA,NA
Philippines,1995,3C7,NA,NA,NA,NA,NA,NA
Philippines,1995,3C8,NA,NA,NA,NA,NA,NA
Philippines,1995,3D,NA,NA,NA,NA,NA,NA
Philippines,1995,3D1,NA,NA,NA,NA,NA,NA
Philippines,1995,3D2,NA,NA,NA,NA,NA,NA
Philippines,1995,4A,NA,NA,NA,NA,NA,NA
Philippines,1995,4A1,NA,NA,NA,NA,NA,NA
Philippines,1995,4A2,NA,NA,NA,NA,NA,NA
Philippines,1995,4A3,NA,NA,NA,NA,NA,NA
Philippines,1995,4B,NA,NA,NA,NA,NA,NA
Philippines,1995,4C,NA,NA,NA,NA,NA,NA
Philippines,1995,4C1,NA,NA,NA,NA,NA,NA
Philippines,1995,4C2,NA,NA,NA,NA,NA,NA
Philippines,1995,4D,NA,NA,NA,NA,NA,NA
Philippines,1995,4D1,NA,NA,NA,NA,NA,NA
Philippines,1995,4D2,NA,NA,NA,NA,NA,NA
Philippines,1995,4E,NA,NA,NA,NA,NA,NA
Philippines,1995,5A,NA,NA,NA,NA,NA,NA
Philippines,1995,5A1,NA,NA,NA,NA,NA,NA
Philippines,1995,5A2,NA,NA,NA,NA,NA,NA
Philippines,1996,0,NA,NA,NA,NA,NA,NA
Philippines,1996,1,NA,NA,NA,NA,NA,NA
Philippines,1996,2,NA,NA,NA,NA,NA,NA
Philippines,1996,3,NA,NA,NA,NA,NA,NA
Philippines,1996,4,NA,NA,NA,NA,NA,NA
Philippines,1996,5,NA,NA,NA,NA,NA,NA
Philippines,1996,1A,Coal,NA,NA,NA,NA,NA
Philippines,1996,1A,Natural gas,NA,NA,NA,NA,NA
Philippines,1996,1A,Oil,NA,NA,NA,NA,NA
Philippines,1996,1A1,Coal,NA,NA,NA,NA,NA
Philippines,1996,1A1,Natural gas,NA,NA,NA,NA,NA
Philippines,1996,1A1,Oil,NA,NA,NA,NA,NA
Philippines,1996,1A1A,Coal,NA,NA,NA,NA,NA
Philippines,1996,1A1A,Natural gas,NA,NA,NA,NA,NA
Philippines,1996,1A1A,Oil,NA,NA,NA,NA,NA
Philippines,1996,1A1A1,Coal,NA,NA,NA,NA,NA
Philippines,1996,1A1A1,Natural gas,NA,NA,NA,NA,NA
Philippines,1996,1A1A1,Oil,NA,NA,NA,NA,NA
Philippines,1996,1A1A2,Coal,NA,NA,NA,NA,NA
Philippines,1996,1A1A2,Natural gas,NA,NA,NA,NA,NA
Philippines,1996,1A1A2,Oil,NA,NA,NA,NA,NA
Philippines,1996,1A1A3,Coal,NA,NA,NA,NA,NA
Philippines,1996,1A1A3,Natural gas,NA,NA,NA,NA,NA
Philippines,1996,1A1A3,Oil,NA,NA,NA,NA,NA
Philippines,1996,1A1B,Coal,NA,NA,NA,NA,NA
Philippines,1996,1A1B,Natural gas,NA,NA,NA,NA,NA
Philippines,1996,1A1B,Oil,NA,NA,NA,NA,NA
Philippines,1996,1A1C,Coal,NA,NA,NA,NA,NA
Philippines,1996,1A1C,Natural gas,NA,NA,NA,NA,NA
Philippines,1996,1A1C,Oil,NA,NA,NA,NA,NA
Philippines,1996,1A2,Coal,NA,NA,NA,NA,NA
Philippines,1996,1A2,Natural gas,NA,NA,NA,NA,NA
Philippines,1996,1A2,Oil,NA,NA,NA,NA,NA
Philippines,1996,1A2A,Coal,NA,NA,NA,NA,NA
Philippines,1996,1A2A,Natural gas,NA,NA,NA,NA,NA
Philippines,1996,1A2A,Oil,NA,NA,NA,NA,NA
Philippines,1996,1A2B,Coal,NA,NA,NA,NA,NA
Philippines,1996,1A2B,Natural gas,NA,NA,NA,NA,NA
Philippines,1996,1A2B,Oil,NA,NA,NA,NA,NA
Philippines,1996,1A2C,Coal,NA,NA,NA,NA,NA
Philippines,1996,1A2C,Natural gas,NA,NA,NA,NA,NA
Philippines,1996,1A2C,Oil,NA,NA,NA,NA,NA
Philippines,1996,1A2D,Coal,NA,NA,NA,NA,NA
Philippines,1996,1A2D,Natural gas,NA,NA,NA,NA,NA
Philippines,1996,1A2D,Oil,NA,NA,NA,NA,NA
Philippines,1996,1A2E,Coal,NA,NA,NA,NA,NA
Philippines,1996,1A2E,Natural gas,NA,NA,NA,NA,NA
Philippines,1996,1A2E,Oil,NA,NA,NA,NA,NA
Philippines,1996,1A2F,Coal,NA,NA,NA,NA,NA
Philippines,1996,1A2F,Natural gas,NA,NA,NA,NA,NA
Philippines,1996,1A2F,Oil,NA,NA,NA,NA,NA
Philippines,1996,1A2G,Coal,NA,NA,NA,NA,NA
Philippines,1996,1A2G,Natural gas,NA,NA,NA,NA,NA
Philippines,1996,1A2G,Oil,NA,NA,NA,NA,NA
Philippines,1996,1A2H,Coal,NA,NA,NA,NA,NA
Philippines,1996,1A2H,Natural gas,NA,NA,NA,NA,NA
Philippines,1996,1A2H,Oil,NA,NA,NA,NA,NA
Philippines,1996,1A2I,Coal,NA,NA,NA,NA,NA
Philippines,1996,1A2I,Natural gas,NA,NA,NA,NA,NA
Philippines,1996,1A2I,Oil,NA,NA,NA,NA,NA
Philippines,1996,1A2J,Coal,NA,NA,NA,NA,NA
Philippines,1996,1A2J,Natural gas,NA,NA,NA,NA,NA
Philippines,1996,1A2J,Oil,NA,NA,NA,NA,NA
Philippines,1996,1A2K,Coal,NA,NA,NA,NA,NA
Philippines,1996,1A2K,Natural gas,NA,NA,NA,NA,NA
Philippines,1996,1A2K,Oil,NA,NA,NA,NA,NA
Philippines,1996,1A2L,Coal,NA,NA,NA,NA,NA
Philippines,1996,1A2L,Natural gas,NA,NA,NA,NA,NA
Philippines,1996,1A2L,Oil,NA,NA,NA,NA,NA
Philippines,1996,1A2M,Coal,NA,NA,NA,NA,NA
Philippines,1996,1A2M,Natural gas,NA,NA,NA,NA,NA
Philippines,1996,1A2M,Oil,NA,NA,NA,NA,NA
Philippines,1996,1A3,Coal,NA,NA,NA,NA,NA
Philippines,1996,1A3,Natural gas,NA,NA,NA,NA,NA
Philippines,1996,1A3,Oil,NA,NA,NA,NA,NA
Philippines,1996,1A3A,Coal,NA,NA,NA,NA,NA
Philippines,1996,1A3A,Natural gas,NA,NA,NA,NA,NA
Philippines,1996,1A3A,Oil,NA,NA,NA,NA,NA
Philippines,1996,1A3A1,Coal,NA,NA,NA,NA,NA
Philippines,1996,1A3A1,Natural gas,NA,NA,NA,NA,NA
Philippines,1996,1A3A1,Oil,NA,NA,NA,NA,NA
Philippines,1996,1A3A2,Coal,NA,NA,NA,NA,NA
Philippines,1996,1A3A2,Natural gas,NA,NA,NA,NA,NA
Philippines,1996,1A3A2,Oil,NA,NA,NA,NA,NA
Philippines,1996,1A3B,Coal,NA,NA,NA,NA,NA
Philippines,1996,1A3B,Natural gas,NA,NA,NA,NA,NA
Philippines,1996,1A3B,Oil,NA,NA,NA,NA,NA
Philippines,1996,1A3C,Coal,NA,NA,NA,NA,NA
Philippines,1996,1A3C,Natural gas,NA,NA,NA,NA,NA
Philippines,1996,1A3C,Oil,NA,NA,NA,NA,NA
Philippines,1996,1A3D,Coal,NA,NA,NA,NA,NA
Philippines,1996,1A3D,Natural gas,NA,NA,NA,NA,NA
Philippines,1996,1A3D,Oil,NA,NA,NA,NA,NA
Philippines,1996,1A3D1,Coal,NA,NA,NA,NA,NA
Philippines,1996,1A3D1,Natural gas,NA,NA,NA,NA,NA
Philippines,1996,1A3D1,Oil,NA,NA,NA,NA,NA
Philippines,1996,1A3D2,Coal,NA,NA,NA,NA,NA
Philippines,1996,1A3D2,Natural gas,NA,NA,NA,NA,NA
Philippines,1996,1A3D2,Oil,NA,NA,NA,NA,NA
Philippines,1996,1A3E,Coal,NA,NA,NA,NA,NA
Philippines,1996,1A3E,Natural gas,NA,NA,NA,NA,NA
Philippines,1996,1A3E,Oil,NA,NA,NA,NA,NA
Philippines,1996,1A3E1,Coal,NA,NA,NA,NA,NA
Philippines,1996,1A3E1,Natural gas,NA,NA,NA,NA,NA
Philippines,1996,1A3E1,Oil,NA,NA,NA,NA,NA
Philippines,1996,1A4,Coal,NA,NA,NA,NA,NA
Philippines,1996,1A4,Natural gas,NA,NA,NA,NA,NA
Philippines,1996,1A4,Oil,NA,NA,NA,NA,NA
Philippines,1996,1A4A,Coal,NA,NA,NA,NA,NA
Philippines,1996,1A4A,Natural gas,NA,NA,NA,NA,NA
Philippines,1996,1A4A,Oil,NA,NA,NA,NA,NA
Philippines,1996,1A4B,Coal,NA,NA,NA,NA,NA
Philippines,1996,1A4B,Natural gas,NA,NA,NA,NA,NA
Philippines,1996,1A4B,Oil,NA,NA,NA,NA,NA
Philippines,1996,1A4C,Coal,NA,NA,NA,NA,NA
Philippines,1996,1A4C,Natural gas,NA,NA,NA,NA,NA
Philippines,1996,1A4C,Oil,NA,NA,NA,NA,NA
Philippines,1996,1A4C1,Coal,NA,NA,NA,NA,NA
Philippines,1996,1A4C1,Natural gas,NA,NA,NA,NA,NA
Philippines,1996,1A4C1,Oil,NA,NA,NA,NA,NA
Philippines,1996,1A4C2,Coal,NA,NA,NA,NA,NA
Philippines,1996,1A4C2,Natural gas,NA,NA,NA,NA,NA
Philippines,1996,1A4C2,Oil,NA,NA,NA,NA,NA
Philippines,1996,1A4C3,Coal,NA,NA,NA,NA,NA
Philippines,1996,1A4C3,Natural gas,NA,NA,NA,NA,NA
Philippines,1996,1A4C3,Oil,NA,NA,NA,NA,NA
Philippines,1996,1A5,Coal,NA,NA,NA,NA,NA
Philippines,1996,1A5,Natural gas,NA,NA,NA,NA,NA
Philippines,1996,1A5,Oil,NA,NA,NA,NA,NA
Philippines,1996,1A5A,Coal,NA,NA,NA,NA,NA
Philippines,1996,1A5A,Natural gas,NA,NA,NA,NA,NA
Philippines,1996,1A5A,Oil,NA,NA,NA,NA,NA
Philippines,1996,1A5B,Coal,NA,NA,NA,NA,NA
Philippines,1996,1A5B,Natural gas,NA,NA,NA,NA,NA
Philippines,1996,1A5B,Oil,NA,NA,NA,NA,NA
Philippines,1996,1A5C,Coal,NA,NA,NA,NA,NA
Philippines,1996,1A5C,Natural gas,NA,NA,NA,NA,NA
Philippines,1996,1A5C,Oil,NA,NA,NA,NA,NA
Philippines,1996,1B,NA,NA,NA,NA,NA,NA
Philippines,1996,1B1,NA,NA,NA,NA,NA,NA
Philippines,1996,1B1A,NA,NA,NA,NA,NA,NA
Philippines,1996,1B1A1,NA,NA,NA,NA,NA,NA
Philippines,1996,1B1A11,NA,NA,NA,NA,NA,NA
Philippines,1996,1B1A12,NA,NA,NA,NA,NA,NA
Philippines,1996,1B1A13,NA,NA,NA,NA,NA,NA
Philippines,1996,1B1A14,NA,NA,NA,NA,NA,NA
Philippines,1996,1B1A2,NA,NA,NA,NA,NA,NA
Philippines,1996,1B1A21,NA,NA,NA,NA,NA,NA
Philippines,1996,1B1A22,NA,NA,NA,NA,NA,NA
Philippines,1996,1B1B,NA,NA,NA,NA,NA,NA
Philippines,1996,1B2,NA,NA,NA,NA,NA,NA
Philippines,1996,1B2A,NA,NA,NA,NA,NA,NA
Philippines,1996,1B2A1,NA,NA,NA,NA,NA,NA
Philippines,1996,1B2A2,NA,NA,NA,NA,NA,NA
Philippines,1996,1B2A3,NA,NA,NA,NA,NA,NA
Philippines,1996,1B2A31,NA,NA,NA,NA,NA,NA
Philippines,1996,1B2A32,NA,NA,NA,NA,NA,NA
Philippines,1996,1B2A33,NA,NA,NA,NA,NA,NA
Philippines,1996,1B2A34,NA,NA,NA,NA,NA,NA
Philippines,1996,1B2A35,NA,NA,NA,NA,NA,NA
Philippines,1996,1B2A36,NA,NA,NA,NA,NA,NA
Philippines,1996,1B2B,NA,NA,NA,NA,NA,NA
Philippines,1996,1B2B1,NA,NA,NA,NA,NA,NA
Philippines,1996,1B2B2,NA,NA,NA,NA,NA,NA
Philippines,1996,1B2B3,NA,NA,NA,NA,NA,NA
Philippines,1996,1B2B31,NA,NA,NA,NA,NA,NA
Philippines,1996,1B2B32,NA,NA,NA,NA,NA,NA
Philippines,1996,1B2B33,NA,NA,NA,NA,NA,NA
Philippines,1996,1B2B34,NA,NA,NA,NA,NA,NA
Philippines,1996,1B2B35,NA,NA,NA,NA,NA,NA
Philippines,1996,1B2B36,NA,NA,NA,NA,NA,NA
Philippines,1996,1B3,NA,NA,NA,NA,NA,NA
Philippines,1996,1C,NA,NA,NA,NA,NA,NA
Philippines,1996,1C1,NA,NA,NA,NA,NA,NA
Philippines,1996,1C1A,NA,NA,NA,NA,NA,NA
Philippines,1996,1C1B,NA,NA,NA,NA,NA,NA
Philippines,1996,1C1C,NA,NA,NA,NA,NA,NA
Philippines,1996,1C2,NA,NA,NA,NA,NA,NA
Philippines,1996,1C2A,NA,NA,NA,NA,NA,NA
Philippines,1996,1C2B,NA,NA,NA,NA,NA,NA
Philippines,1996,1C3,NA,NA,NA,NA,NA,NA
Philippines,1996,2A,NA,NA,NA,NA,NA,NA
Philippines,1996,2A1,NA,NA,NA,NA,NA,NA
Philippines,1996,2A2,NA,NA,NA,NA,NA,NA
Philippines,1996,2A3,NA,NA,NA,NA,NA,NA
Philippines,1996,2A4,NA,NA,NA,NA,NA,NA
Philippines,1996,2A4A,NA,NA,NA,NA,NA,NA
Philippines,1996,2A4B,NA,NA,NA,NA,NA,NA
Philippines,1996,2A4C,NA,NA,NA,NA,NA,NA
Philippines,1996,2A4D,NA,NA,NA,NA,NA,NA
Philippines,1996,2B,NA,NA,NA,NA,NA,NA
Philippines,1996,2B1,NA,NA,NA,NA,NA,NA
Philippines,1996,2B10,NA,NA,NA,NA,NA,NA
Philippines,1996,2B2,NA,NA,NA,NA,NA,NA
Philippines,1996,2B3,NA,NA,NA,NA,NA,NA
Philippines,1996,2B4,NA,NA,NA,NA,NA,NA
Philippines,1996,2B5,NA,NA,NA,NA,NA,NA
Philippines,1996,2B6,NA,NA,NA,NA,NA,NA
Philippines,1996,2B7,NA,NA,NA,NA,NA,NA
Philippines,1996,2B8,NA,NA,NA,NA,NA,NA
Philippines,1996,2B8A,NA,NA,NA,NA,NA,NA
Philippines,1996,2B8B,NA,NA,NA,NA,NA,NA
Philippines,1996,2B8C,NA,NA,NA,NA,NA,NA
Philippines,1996,2B8D,NA,NA,NA,NA,NA,NA
Philippines,1996,2B8E,NA,NA,NA,NA,NA,NA
Philippines,1996,2B8F,NA,NA,NA,NA,NA,NA
Philippines,1996,2B9,NA,NA,NA,NA,NA,NA
Philippines,1996,2B9A,NA,NA,NA,NA,NA,NA
Philippines,1996,2B9B,NA,NA,NA,NA,NA,NA
Philippines,1996,2C,NA,NA,NA,NA,NA,NA
Philippines,1996,2C1,NA,NA,NA,NA,NA,NA
Philippines,1996,2C2,NA,NA,NA,NA,NA,NA
Philippines,1996,2C3,NA,NA,NA,NA,NA,NA
Philippines,1996,2C4,NA,NA,NA,NA,NA,NA
Philippines,1996,2C5,NA,NA,NA,NA,NA,NA
Philippines,1996,2C6,NA,NA,NA,NA,NA,NA
Philippines,1996,2C7,NA,NA,NA,NA,NA,NA
Philippines,1996,2D,NA,NA,NA,NA,NA,NA
Philippines,1996,2D1,NA,NA,NA,NA,NA,NA
Philippines,1996,2D2,NA,NA,NA,NA,NA,NA
Philippines,1996,2D3,NA,NA,NA,NA,NA,NA
Philippines,1996,2D4,NA,NA,NA,NA,NA,NA
Philippines,1996,2E,NA,NA,NA,NA,NA,NA
Philippines,1996,2E1,NA,NA,NA,NA,NA,NA
Philippines,1996,2E2,NA,NA,NA,NA,NA,NA
Philippines,1996,2E3,NA,NA,NA,NA,NA,NA
Philippines,1996,2E4,NA,NA,NA,NA,NA,NA
Philippines,1996,2E5,NA,NA,NA,NA,NA,NA
Philippines,1996,2F,NA,NA,NA,NA,NA,NA
Philippines,1996,2F1,NA,NA,NA,NA,NA,NA
Philippines,1996,2F2,NA,NA,NA,NA,NA,NA
Philippines,1996,2F3,NA,NA,NA,NA,NA,NA
Philippines,1996,2F4,NA,NA,NA,NA,NA,NA
Philippines,1996,2F5,NA,NA,NA,NA,NA,NA
Philippines,1996,2F6,NA,NA,NA,NA,NA,NA
Philippines,1996,2G,NA,NA,NA,NA,NA,NA
Philippines,1996,2G1,NA,NA,NA,NA,NA,NA
Philippines,1996,2G2,NA,NA,NA,NA,NA,NA
Philippines,1996,2G3,NA,NA,NA,NA,NA,NA
Philippines,1996,2G4,NA,NA,NA,NA,NA,NA
Philippines,1996,2H,NA,NA,NA,NA,NA,NA
Philippines,1996,2H1,NA,NA,NA,NA,NA,NA
Philippines,1996,2H2,NA,NA,NA,NA,NA,NA
Philippines,1996,2H3,NA,NA,NA,NA,NA,NA
Philippines,1996,3A,NA,NA,NA,NA,NA,NA
Philippines,1996,3A1,NA,NA,NA,NA,NA,NA
Philippines,1996,3A2,NA,NA,NA,NA,NA,NA
Philippines,1996,3B,NA,NA,NA,NA,NA,NA
Philippines,1996,3B1,NA,NA,NA,NA,NA,NA
Philippines,1996,3B1A,NA,NA,NA,NA,NA,NA
Philippines,1996,3B1B,NA,NA,NA,NA,NA,NA
Philippines,1996,3B2,NA,NA,NA,NA,NA,NA
Philippines,1996,3B2A,NA,NA,NA,NA,NA,NA
Philippines,1996,3B2B,NA,NA,NA,NA,NA,NA
Philippines,1996,3B3,NA,NA,NA,NA,NA,NA
Philippines,1996,3B3A,NA,NA,NA,NA,NA,NA
Philippines,1996,3B3B,NA,NA,NA,NA,NA,NA
Philippines,1996,3B4,NA,NA,NA,NA,NA,NA
Philippines,1996,3B4A,NA,NA,NA,NA,NA,NA
Philippines,1996,3B4B,NA,NA,NA,NA,NA,NA
Philippines,1996,3B5,NA,NA,NA,NA,NA,NA
Philippines,1996,3B5A,NA,NA,NA,NA,NA,NA
Philippines,1996,3B5B,NA,NA,NA,NA,NA,NA
Philippines,1996,3B6,NA,NA,NA,NA,NA,NA
Philippines,1996,3B6A,NA,NA,NA,NA,NA,NA
Philippines,1996,3B6B,NA,NA,NA,NA,NA,NA
Philippines,1996,3B6B1,NA,NA,NA,NA,NA,NA
Philippines,1996,3B6B2,NA,NA,NA,NA,NA,NA
Philippines,1996,3B6B3,NA,NA,NA,NA,NA,NA
Philippines,1996,3B6B4,NA,NA,NA,NA,NA,NA
Philippines,1996,3B6B5,NA,NA,NA,NA,NA,NA
Philippines,1996,3C,NA,NA,NA,NA,NA,NA
Philippines,1996,3C1,NA,NA,NA,NA,NA,NA
Philippines,1996,3C2,NA,NA,NA,NA,NA,NA
Philippines,1996,3C3,NA,NA,NA,NA,NA,NA
Philippines,1996,3C4,NA,NA,NA,NA,NA,NA
Philippines,1996,3C5,NA,NA,NA,NA,NA,NA
Philippines,1996,3C6,NA,NA,NA,NA,NA,NA
Philippines,1996,3C7,NA,NA,NA,NA,NA,NA
Philippines,1996,3C8,NA,NA,NA,NA,NA,NA
Philippines,1996,3D,NA,NA,NA,NA,NA,NA
Philippines,1996,3D1,NA,NA,NA,NA,NA,NA
Philippines,1996,3D2,NA,NA,NA,NA,NA,NA
Philippines,1996,4A,NA,NA,NA,NA,NA,NA
Philippines,1996,4A1,NA,NA,NA,NA,NA,NA
Philippines,1996,4A2,NA,NA,NA,NA,NA,NA
Philippines,1996,4A3,NA,NA,NA,NA,NA,NA
Philippines,1996,4B,NA,NA,NA,NA,NA,NA
Philippines,1996,4C,NA,NA,NA,NA,NA,NA
Philippines,1996,4C1,NA,NA,NA,NA,NA,NA
Philippines,1996,4C2,NA,NA,NA,NA,NA,NA
Philippines,1996,4D,NA,NA,NA,NA,NA,NA
Philippines,1996,4D1,NA,NA,NA,NA,NA,NA
Philippines,1996,4D2,NA,NA,NA,NA,NA,NA
Philippines,1996,4E,NA,NA,NA,NA,NA,NA
Philippines,1996,5A,NA,NA,NA,NA,NA,NA
Philippines,1996,5A1,NA,NA,NA,NA,NA,NA
Philippines,1996,5A2,NA,NA,NA,NA,NA,NA
Philippines,1997,0,NA,NA,NA,NA,NA,NA
Philippines,1997,1,NA,NA,NA,NA,NA,NA
Philippines,1997,2,NA,NA,NA,NA,NA,NA
Philippines,1997,3,NA,NA,NA,NA,NA,NA
Philippines,1997,4,NA,NA,NA,NA,NA,NA
Philippines,1997,5,NA,NA,NA,NA,NA,NA
Philippines,1997,1A,Coal,NA,NA,NA,NA,NA
Philippines,1997,1A,Natural gas,NA,NA,NA,NA,NA
Philippines,1997,1A,Oil,NA,NA,NA,NA,NA
Philippines,1997,1A1,Coal,NA,NA,NA,NA,NA
Philippines,1997,1A1,Natural gas,NA,NA,NA,NA,NA
Philippines,1997,1A1,Oil,NA,NA,NA,NA,NA
Philippines,1997,1A1A,Coal,NA,NA,NA,NA,NA
Philippines,1997,1A1A,Natural gas,NA,NA,NA,NA,NA
Philippines,1997,1A1A,Oil,NA,NA,NA,NA,NA
Philippines,1997,1A1A1,Coal,NA,NA,NA,NA,NA
Philippines,1997,1A1A1,Natural gas,NA,NA,NA,NA,NA
Philippines,1997,1A1A1,Oil,NA,NA,NA,NA,NA
Philippines,1997,1A1A2,Coal,NA,NA,NA,NA,NA
Philippines,1997,1A1A2,Natural gas,NA,NA,NA,NA,NA
Philippines,1997,1A1A2,Oil,NA,NA,NA,NA,NA
Philippines,1997,1A1A3,Coal,NA,NA,NA,NA,NA
Philippines,1997,1A1A3,Natural gas,NA,NA,NA,NA,NA
Philippines,1997,1A1A3,Oil,NA,NA,NA,NA,NA
Philippines,1997,1A1B,Coal,NA,NA,NA,NA,NA
Philippines,1997,1A1B,Natural gas,NA,NA,NA,NA,NA
Philippines,1997,1A1B,Oil,NA,NA,NA,NA,NA
Philippines,1997,1A1C,Coal,NA,NA,NA,NA,NA
Philippines,1997,1A1C,Natural gas,NA,NA,NA,NA,NA
Philippines,1997,1A1C,Oil,NA,NA,NA,NA,NA
Philippines,1997,1A2,Coal,NA,NA,NA,NA,NA
Philippines,1997,1A2,Natural gas,NA,NA,NA,NA,NA
Philippines,1997,1A2,Oil,NA,NA,NA,NA,NA
Philippines,1997,1A2A,Coal,NA,NA,NA,NA,NA
Philippines,1997,1A2A,Natural gas,NA,NA,NA,NA,NA
Philippines,1997,1A2A,Oil,NA,NA,NA,NA,NA
Philippines,1997,1A2B,Coal,NA,NA,NA,NA,NA
Philippines,1997,1A2B,Natural gas,NA,NA,NA,NA,NA
Philippines,1997,1A2B,Oil,NA,NA,NA,NA,NA
Philippines,1997,1A2C,Coal,NA,NA,NA,NA,NA
Philippines,1997,1A2C,Natural gas,NA,NA,NA,NA,NA
Philippines,1997,1A2C,Oil,NA,NA,NA,NA,NA
Philippines,1997,1A2D,Coal,NA,NA,NA,NA,NA
Philippines,1997,1A2D,Natural gas,NA,NA,NA,NA,NA
Philippines,1997,1A2D,Oil,NA,NA,NA,NA,NA
Philippines,1997,1A2E,Coal,NA,NA,NA,NA,NA
Philippines,1997,1A2E,Natural gas,NA,NA,NA,NA,NA
Philippines,1997,1A2E,Oil,NA,NA,NA,NA,NA
Philippines,1997,1A2F,Coal,NA,NA,NA,NA,NA
Philippines,1997,1A2F,Natural gas,NA,NA,NA,NA,NA
Philippines,1997,1A2F,Oil,NA,NA,NA,NA,NA
Philippines,1997,1A2G,Coal,NA,NA,NA,NA,NA
Philippines,1997,1A2G,Natural gas,NA,NA,NA,NA,NA
Philippines,1997,1A2G,Oil,NA,NA,NA,NA,NA
Philippines,1997,1A2H,Coal,NA,NA,NA,NA,NA
Philippines,1997,1A2H,Natural gas,NA,NA,NA,NA,NA
Philippines,1997,1A2H,Oil,NA,NA,NA,NA,NA
Philippines,1997,1A2I,Coal,NA,NA,NA,NA,NA
Philippines,1997,1A2I,Natural gas,NA,NA,NA,NA,NA
Philippines,1997,1A2I,Oil,NA,NA,NA,NA,NA
Philippines,1997,1A2J,Coal,NA,NA,NA,NA,NA
Philippines,1997,1A2J,Natural gas,NA,NA,NA,NA,NA
Philippines,1997,1A2J,Oil,NA,NA,NA,NA,NA
Philippines,1997,1A2K,Coal,NA,NA,NA,NA,NA
Philippines,1997,1A2K,Natural gas,NA,NA,NA,NA,NA
Philippines,1997,1A2K,Oil,NA,NA,NA,NA,NA
Philippines,1997,1A2L,Coal,NA,NA,NA,NA,NA
Philippines,1997,1A2L,Natural gas,NA,NA,NA,NA,NA
Philippines,1997,1A2L,Oil,NA,NA,NA,NA,NA
Philippines,1997,1A2M,Coal,NA,NA,NA,NA,NA
Philippines,1997,1A2M,Natural gas,NA,NA,NA,NA,NA
Philippines,1997,1A2M,Oil,NA,NA,NA,NA,NA
Philippines,1997,1A3,Coal,NA,NA,NA,NA,NA
Philippines,1997,1A3,Natural gas,NA,NA,NA,NA,NA
Philippines,1997,1A3,Oil,NA,NA,NA,NA,NA
Philippines,1997,1A3A,Coal,NA,NA,NA,NA,NA
Philippines,1997,1A3A,Natural gas,NA,NA,NA,NA,NA
Philippines,1997,1A3A,Oil,NA,NA,NA,NA,NA
Philippines,1997,1A3A1,Coal,NA,NA,NA,NA,NA
Philippines,1997,1A3A1,Natural gas,NA,NA,NA,NA,NA
Philippines,1997,1A3A1,Oil,NA,NA,NA,NA,NA
Philippines,1997,1A3A2,Coal,NA,NA,NA,NA,NA
Philippines,1997,1A3A2,Natural gas,NA,NA,NA,NA,NA
Philippines,1997,1A3A2,Oil,NA,NA,NA,NA,NA
Philippines,1997,1A3B,Coal,NA,NA,NA,NA,NA
Philippines,1997,1A3B,Natural gas,NA,NA,NA,NA,NA
Philippines,1997,1A3B,Oil,NA,NA,NA,NA,NA
Philippines,1997,1A3C,Coal,NA,NA,NA,NA,NA
Philippines,1997,1A3C,Natural gas,NA,NA,NA,NA,NA
Philippines,1997,1A3C,Oil,NA,NA,NA,NA,NA
Philippines,1997,1A3D,Coal,NA,NA,NA,NA,NA
Philippines,1997,1A3D,Natural gas,NA,NA,NA,NA,NA
Philippines,1997,1A3D,Oil,NA,NA,NA,NA,NA
Philippines,1997,1A3D1,Coal,NA,NA,NA,NA,NA
Philippines,1997,1A3D1,Natural gas,NA,NA,NA,NA,NA
Philippines,1997,1A3D1,Oil,NA,NA,NA,NA,NA
Philippines,1997,1A3D2,Coal,NA,NA,NA,NA,NA
Philippines,1997,1A3D2,Natural gas,NA,NA,NA,NA,NA
Philippines,1997,1A3D2,Oil,NA,NA,NA,NA,NA
Philippines,1997,1A3E,Coal,NA,NA,NA,NA,NA
Philippines,1997,1A3E,Natural gas,NA,NA,NA,NA,NA
Philippines,1997,1A3E,Oil,NA,NA,NA,NA,NA
Philippines,1997,1A3E1,Coal,NA,NA,NA,NA,NA
Philippines,1997,1A3E1,Natural gas,NA,NA,NA,NA,NA
Philippines,1997,1A3E1,Oil,NA,NA,NA,NA,NA
Philippines,1997,1A4,Coal,NA,NA,NA,NA,NA
Philippines,1997,1A4,Natural gas,NA,NA,NA,NA,NA
Philippines,1997,1A4,Oil,NA,NA,NA,NA,NA
Philippines,1997,1A4A,Coal,NA,NA,NA,NA,NA
Philippines,1997,1A4A,Natural gas,NA,NA,NA,NA,NA
Philippines,1997,1A4A,Oil,NA,NA,NA,NA,NA
Philippines,1997,1A4B,Coal,NA,NA,NA,NA,NA
Philippines,1997,1A4B,Natural gas,NA,NA,NA,NA,NA
Philippines,1997,1A4B,Oil,NA,NA,NA,NA,NA
Philippines,1997,1A4C,Coal,NA,NA,NA,NA,NA
Philippines,1997,1A4C,Natural gas,NA,NA,NA,NA,NA
Philippines,1997,1A4C,Oil,NA,NA,NA,NA,NA
Philippines,1997,1A4C1,Coal,NA,NA,NA,NA,NA
Philippines,1997,1A4C1,Natural gas,NA,NA,NA,NA,NA
Philippines,1997,1A4C1,Oil,NA,NA,NA,NA,NA
Philippines,1997,1A4C2,Coal,NA,NA,NA,NA,NA
Philippines,1997,1A4C2,Natural gas,NA,NA,NA,NA,NA
Philippines,1997,1A4C2,Oil,NA,NA,NA,NA,NA
Philippines,1997,1A4C3,Coal,NA,NA,NA,NA,NA
Philippines,1997,1A4C3,Natural gas,NA,NA,NA,NA,NA
Philippines,1997,1A4C3,Oil,NA,NA,NA,NA,NA
Philippines,1997,1A5,Coal,NA,NA,NA,NA,NA
Philippines,1997,1A5,Natural gas,NA,NA,NA,NA,NA
Philippines,1997,1A5,Oil,NA,NA,NA,NA,NA
Philippines,1997,1A5A,Coal,NA,NA,NA,NA,NA
Philippines,1997,1A5A,Natural gas,NA,NA,NA,NA,NA
Philippines,1997,1A5A,Oil,NA,NA,NA,NA,NA
Philippines,1997,1A5B,Coal,NA,NA,NA,NA,NA
Philippines,1997,1A5B,Natural gas,NA,NA,NA,NA,NA
Philippines,1997,1A5B,Oil,NA,NA,NA,NA,NA
Philippines,1997,1A5C,Coal,NA,NA,NA,NA,NA
Philippines,1997,1A5C,Natural gas,NA,NA,NA,NA,NA
Philippines,1997,1A5C,Oil,NA,NA,NA,NA,NA
Philippines,1997,1B,NA,NA,NA,NA,NA,NA
Philippines,1997,1B1,NA,NA,NA,NA,NA,NA
Philippines,1997,1B1A,NA,NA,NA,NA,NA,NA
Philippines,1997,1B1A1,NA,NA,NA,NA,NA,NA
Philippines,1997,1B1A11,NA,NA,NA,NA,NA,NA
Philippines,1997,1B1A12,NA,NA,NA,NA,NA,NA
Philippines,1997,1B1A13,NA,NA,NA,NA,NA,NA
Philippines,1997,1B1A14,NA,NA,NA,NA,NA,NA
Philippines,1997,1B1A2,NA,NA,NA,NA,NA,NA
Philippines,1997,1B1A21,NA,NA,NA,NA,NA,NA
Philippines,1997,1B1A22,NA,NA,NA,NA,NA,NA
Philippines,1997,1B1B,NA,NA,NA,NA,NA,NA
Philippines,1997,1B2,NA,NA,NA,NA,NA,NA
Philippines,1997,1B2A,NA,NA,NA,NA,NA,NA
Philippines,1997,1B2A1,NA,NA,NA,NA,NA,NA
Philippines,1997,1B2A2,NA,NA,NA,NA,NA,NA
Philippines,1997,1B2A3,NA,NA,NA,NA,NA,NA
Philippines,1997,1B2A31,NA,NA,NA,NA,NA,NA
Philippines,1997,1B2A32,NA,NA,NA,NA,NA,NA
Philippines,1997,1B2A33,NA,NA,NA,NA,NA,NA
Philippines,1997,1B2A34,NA,NA,NA,NA,NA,NA
Philippines,1997,1B2A35,NA,NA,NA,NA,NA,NA
Philippines,1997,1B2A36,NA,NA,NA,NA,NA,NA
Philippines,1997,1B2B,NA,NA,NA,NA,NA,NA
Philippines,1997,1B2B1,NA,NA,NA,NA,NA,NA
Philippines,1997,1B2B2,NA,NA,NA,NA,NA,NA
Philippines,1997,1B2B3,NA,NA,NA,NA,NA,NA
Philippines,1997,1B2B31,NA,NA,NA,NA,NA,NA
Philippines,1997,1B2B32,NA,NA,NA,NA,NA,NA
Philippines,1997,1B2B33,NA,NA,NA,NA,NA,NA
Philippines,1997,1B2B34,NA,NA,NA,NA,NA,NA
Philippines,1997,1B2B35,NA,NA,NA,NA,NA,NA
Philippines,1997,1B2B36,NA,NA,NA,NA,NA,NA
Philippines,1997,1B3,NA,NA,NA,NA,NA,NA
Philippines,1997,1C,NA,NA,NA,NA,NA,NA
Philippines,1997,1C1,NA,NA,NA,NA,NA,NA
Philippines,1997,1C1A,NA,NA,NA,NA,NA,NA
Philippines,1997,1C1B,NA,NA,NA,NA,NA,NA
Philippines,1997,1C1C,NA,NA,NA,NA,NA,NA
Philippines,1997,1C2,NA,NA,NA,NA,NA,NA
Philippines,1997,1C2A,NA,NA,NA,NA,NA,NA
Philippines,1997,1C2B,NA,NA,NA,NA,NA,NA
Philippines,1997,1C3,NA,NA,NA,NA,NA,NA
Philippines,1997,2A,NA,NA,NA,NA,NA,NA
Philippines,1997,2A1,NA,NA,NA,NA,NA,NA
Philippines,1997,2A2,NA,NA,NA,NA,NA,NA
Philippines,1997,2A3,NA,NA,NA,NA,NA,NA
Philippines,1997,2A4,NA,NA,NA,NA,NA,NA
Philippines,1997,2A4A,NA,NA,NA,NA,NA,NA
Philippines,1997,2A4B,NA,NA,NA,NA,NA,NA
Philippines,1997,2A4C,NA,NA,NA,NA,NA,NA
Philippines,1997,2A4D,NA,NA,NA,NA,NA,NA
Philippines,1997,2B,NA,NA,NA,NA,NA,NA
Philippines,1997,2B1,NA,NA,NA,NA,NA,NA
Philippines,1997,2B10,NA,NA,NA,NA,NA,NA
Philippines,1997,2B2,NA,NA,NA,NA,NA,NA
Philippines,1997,2B3,NA,NA,NA,NA,NA,NA
Philippines,1997,2B4,NA,NA,NA,NA,NA,NA
Philippines,1997,2B5,NA,NA,NA,NA,NA,NA
Philippines,1997,2B6,NA,NA,NA,NA,NA,NA
Philippines,1997,2B7,NA,NA,NA,NA,NA,NA
Philippines,1997,2B8,NA,NA,NA,NA,NA,NA
Philippines,1997,2B8A,NA,NA,NA,NA,NA,NA
Philippines,1997,2B8B,NA,NA,NA,NA,NA,NA
Philippines,1997,2B8C,NA,NA,NA,NA,NA,NA
Philippines,1997,2B8D,NA,NA,NA,NA,NA,NA
Philippines,1997,2B8E,NA,NA,NA,NA,NA,NA
Philippines,1997,2B8F,NA,NA,NA,NA,NA,NA
Philippines,1997,2B9,NA,NA,NA,NA,NA,NA
Philippines,1997,2B9A,NA,NA,NA,NA,NA,NA
Philippines,1997,2B9B,NA,NA,NA,NA,NA,NA
Philippines,1997,2C,NA,NA,NA,NA,NA,NA
Philippines,1997,2C1,NA,NA,NA,NA,NA,NA
Philippines,1997,2C2,NA,NA,NA,NA,NA,NA
Philippines,1997,2C3,NA,NA,NA,NA,NA,NA
Philippines,1997,2C4,NA,NA,NA,NA,NA,NA
Philippines,1997,2C5,NA,NA,NA,NA,NA,NA
Philippines,1997,2C6,NA,NA,NA,NA,NA,NA
Philippines,1997,2C7,NA,NA,NA,NA,NA,NA
Philippines,1997,2D,NA,NA,NA,NA,NA,NA
Philippines,1997,2D1,NA,NA,NA,NA,NA,NA
Philippines,1997,2D2,NA,NA,NA,NA,NA,NA
Philippines,1997,2D3,NA,NA,NA,NA,NA,NA
Philippines,1997,2D4,NA,NA,NA,NA,NA,NA
Philippines,1997,2E,NA,NA,NA,NA,NA,NA
Philippines,1997,2E1,NA,NA,NA,NA,NA,NA
Philippines,1997,2E2,NA,NA,NA,NA,NA,NA
Philippines,1997,2E3,NA,NA,NA,NA,NA,NA
Philippines,1997,2E4,NA,NA,NA,NA,NA,NA
Philippines,1997,2E5,NA,NA,NA,NA,NA,NA
Philippines,1997,2F,NA,NA,NA,NA,NA,NA
Philippines,1997,2F1,NA,NA,NA,NA,NA,NA
Philippines,1997,2F2,NA,NA,NA,NA,NA,NA
Philippines,1997,2F3,NA,NA,NA,NA,NA,NA
Philippines,1997,2F4,NA,NA,NA,NA,NA,NA
Philippines,1997,2F5,NA,NA,NA,NA,NA,NA
Philippines,1997,2F6,NA,NA,NA,NA,NA,NA
Philippines,1997,2G,NA,NA,NA,NA,NA,NA
Philippines,1997,2G1,NA,NA,NA,NA,NA,NA
Philippines,1997,2G2,NA,NA,NA,NA,NA,NA
Philippines,1997,2G3,NA,NA,NA,NA,NA,NA
Philippines,1997,2G4,NA,NA,NA,NA,NA,NA
Philippines,1997,2H,NA,NA,NA,NA,NA,NA
Philippines,1997,2H1,NA,NA,NA,NA,NA,NA
Philippines,1997,2H2,NA,NA,NA,NA,NA,NA
Philippines,1997,2H3,NA,NA,NA,NA,NA,NA
Philippines,1997,3A,NA,NA,NA,NA,NA,NA
Philippines,1997,3A1,NA,NA,NA,NA,NA,NA
Philippines,1997,3A2,NA,NA,NA,NA,NA,NA
Philippines,1997,3B,NA,NA,NA,NA,NA,NA
Philippines,1997,3B1,NA,NA,NA,NA,NA,NA
Philippines,1997,3B1A,NA,NA,NA,NA,NA,NA
Philippines,1997,3B1B,NA,NA,NA,NA,NA,NA
Philippines,1997,3B2,NA,NA,NA,NA,NA,NA
Philippines,1997,3B2A,NA,NA,NA,NA,NA,NA
Philippines,1997,3B2B,NA,NA,NA,NA,NA,NA
Philippines,1997,3B3,NA,NA,NA,NA,NA,NA
Philippines,1997,3B3A,NA,NA,NA,NA,NA,NA
Philippines,1997,3B3B,NA,NA,NA,NA,NA,NA
Philippines,1997,3B4,NA,NA,NA,NA,NA,NA
Philippines,1997,3B4A,NA,NA,NA,NA,NA,NA
Philippines,1997,3B4B,NA,NA,NA,NA,NA,NA
Philippines,1997,3B5,NA,NA,NA,NA,NA,NA
Philippines,1997,3B5A,NA,NA,NA,NA,NA,NA
Philippines,1997,3B5B,NA,NA,NA,NA,NA,NA
Philippines,1997,3B6,NA,NA,NA,NA,NA,NA
Philippines,1997,3B6A,NA,NA,NA,NA,NA,NA
Philippines,1997,3B6B,NA,NA,NA,NA,NA,NA
Philippines,1997,3B6B1,NA,NA,NA,NA,NA,NA
Philippines,1997,3B6B2,NA,NA,NA,NA,NA,NA
Philippines,1997,3B6B3,NA,NA,NA,NA,NA,NA
Philippines,1997,3B6B4,NA,NA,NA,NA,NA,NA
Philippines,1997,3B6B5,NA,NA,NA,NA,NA,NA
Philippines,1997,3C,NA,NA,NA,NA,NA,NA
Philippines,1997,3C1,NA,NA,NA,NA,NA,NA
Philippines,1997,3C2,NA,NA,NA,NA,NA,NA
Philippines,1997,3C3,NA,NA,NA,NA,NA,NA
Philippines,1997,3C4,NA,NA,NA,NA,NA,NA
Philippines,1997,3C5,NA,NA,NA,NA,NA,NA
Philippines,1997,3C6,NA,NA,NA,NA,NA,NA
Philippines,1997,3C7,NA,NA,NA,NA,NA,NA
Philippines,1997,3C8,NA,NA,NA,NA,NA,NA
Philippines,1997,3D,NA,NA,NA,NA,NA,NA
Philippines,1997,3D1,NA,NA,NA,NA,NA,NA
Philippines,1997,3D2,NA,NA,NA,NA,NA,NA
Philippines,1997,4A,NA,NA,NA,NA,NA,NA
Philippines,1997,4A1,NA,NA,NA,NA,NA,NA
Philippines,1997,4A2,NA,NA,NA,NA,NA,NA
Philippines,1997,4A3,NA,NA,NA,NA,NA,NA
Philippines,1997,4B,NA,NA,NA,NA,NA,NA
Philippines,1997,4C,NA,NA,NA,NA,NA,NA
Philippines,1997,4C1,NA,NA,NA,NA,NA,NA
Philippines,1997,4C2,NA,NA,NA,NA,NA,NA
Philippines,1997,4D,NA,NA,NA,NA,NA,NA
Philippines,1997,4D1,NA,NA,NA,NA,NA,NA
Philippines,1997,4D2,NA,NA,NA,NA,NA,NA
Philippines,1997,4E,NA,NA,NA,NA,NA,NA
Philippines,1997,5A,NA,NA,NA,NA,NA,NA
Philippines,1997,5A1,NA,NA,NA,NA,NA,NA
Philippines,1997,5A2,NA,NA,NA,NA,NA,NA
Philippines,1998,0,NA,NA,NA,NA,NA,NA
Philippines,1998,1,NA,NA,NA,NA,NA,NA
Philippines,1998,2,NA,NA,NA,NA,NA,NA
Philippines,1998,3,NA,NA,NA,NA,NA,NA
Philippines,1998,4,NA,NA,NA,NA,NA,NA
Philippines,1998,5,NA,NA,NA,NA,NA,NA
Philippines,1998,1A,Coal,NA,NA,NA,NA,NA
Philippines,1998,1A,Natural gas,NA,NA,NA,NA,NA
Philippines,1998,1A,Oil,NA,NA,NA,NA,NA
Philippines,1998,1A1,Coal,NA,NA,NA,NA,NA
Philippines,1998,1A1,Natural gas,NA,NA,NA,NA,NA
Philippines,1998,1A1,Oil,NA,NA,NA,NA,NA
Philippines,1998,1A1A,Coal,NA,NA,NA,NA,NA
Philippines,1998,1A1A,Natural gas,NA,NA,NA,NA,NA
Philippines,1998,1A1A,Oil,NA,NA,NA,NA,NA
Philippines,1998,1A1A1,Coal,NA,NA,NA,NA,NA
Philippines,1998,1A1A1,Natural gas,NA,NA,NA,NA,NA
Philippines,1998,1A1A1,Oil,NA,NA,NA,NA,NA
Philippines,1998,1A1A2,Coal,NA,NA,NA,NA,NA
Philippines,1998,1A1A2,Natural gas,NA,NA,NA,NA,NA
Philippines,1998,1A1A2,Oil,NA,NA,NA,NA,NA
Philippines,1998,1A1A3,Coal,NA,NA,NA,NA,NA
Philippines,1998,1A1A3,Natural gas,NA,NA,NA,NA,NA
Philippines,1998,1A1A3,Oil,NA,NA,NA,NA,NA
Philippines,1998,1A1B,Coal,NA,NA,NA,NA,NA
Philippines,1998,1A1B,Natural gas,NA,NA,NA,NA,NA
Philippines,1998,1A1B,Oil,NA,NA,NA,NA,NA
Philippines,1998,1A1C,Coal,NA,NA,NA,NA,NA
Philippines,1998,1A1C,Natural gas,NA,NA,NA,NA,NA
Philippines,1998,1A1C,Oil,NA,NA,NA,NA,NA
Philippines,1998,1A2,Coal,NA,NA,NA,NA,NA
Philippines,1998,1A2,Natural gas,NA,NA,NA,NA,NA
Philippines,1998,1A2,Oil,NA,NA,NA,NA,NA
Philippines,1998,1A2A,Coal,NA,NA,NA,NA,NA
Philippines,1998,1A2A,Natural gas,NA,NA,NA,NA,NA
Philippines,1998,1A2A,Oil,NA,NA,NA,NA,NA
Philippines,1998,1A2B,Coal,NA,NA,NA,NA,NA
Philippines,1998,1A2B,Natural gas,NA,NA,NA,NA,NA
Philippines,1998,1A2B,Oil,NA,NA,NA,NA,NA
Philippines,1998,1A2C,Coal,NA,NA,NA,NA,NA
Philippines,1998,1A2C,Natural gas,NA,NA,NA,NA,NA
Philippines,1998,1A2C,Oil,NA,NA,NA,NA,NA
Philippines,1998,1A2D,Coal,NA,NA,NA,NA,NA
Philippines,1998,1A2D,Natural gas,NA,NA,NA,NA,NA
Philippines,1998,1A2D,Oil,NA,NA,NA,NA,NA
Philippines,1998,1A2E,Coal,NA,NA,NA,NA,NA
Philippines,1998,1A2E,Natural gas,NA,NA,NA,NA,NA
Philippines,1998,1A2E,Oil,NA,NA,NA,NA,NA
Philippines,1998,1A2F,Coal,NA,NA,NA,NA,NA
Philippines,1998,1A2F,Natural gas,NA,NA,NA,NA,NA
Philippines,1998,1A2F,Oil,NA,NA,NA,NA,NA
Philippines,1998,1A2G,Coal,NA,NA,NA,NA,NA
Philippines,1998,1A2G,Natural gas,NA,NA,NA,NA,NA
Philippines,1998,1A2G,Oil,NA,NA,NA,NA,NA
Philippines,1998,1A2H,Coal,NA,NA,NA,NA,NA
Philippines,1998,1A2H,Natural gas,NA,NA,NA,NA,NA
Philippines,1998,1A2H,Oil,NA,NA,NA,NA,NA
Philippines,1998,1A2I,Coal,NA,NA,NA,NA,NA
Philippines,1998,1A2I,Natural gas,NA,NA,NA,NA,NA
Philippines,1998,1A2I,Oil,NA,NA,NA,NA,NA
Philippines,1998,1A2J,Coal,NA,NA,NA,NA,NA
Philippines,1998,1A2J,Natural gas,NA,NA,NA,NA,NA
Philippines,1998,1A2J,Oil,NA,NA,NA,NA,NA
Philippines,1998,1A2K,Coal,NA,NA,NA,NA,NA
Philippines,1998,1A2K,Natural gas,NA,NA,NA,NA,NA
Philippines,1998,1A2K,Oil,NA,NA,NA,NA,NA
Philippines,1998,1A2L,Coal,NA,NA,NA,NA,NA
Philippines,1998,1A2L,Natural gas,NA,NA,NA,NA,NA
Philippines,1998,1A2L,Oil,NA,NA,NA,NA,NA
Philippines,1998,1A2M,Coal,NA,NA,NA,NA,NA
Philippines,1998,1A2M,Natural gas,NA,NA,NA,NA,NA
Philippines,1998,1A2M,Oil,NA,NA,NA,NA,NA
Philippines,1998,1A3,Coal,NA,NA,NA,NA,NA
Philippines,1998,1A3,Natural gas,NA,NA,NA,NA,NA
Philippines,1998,1A3,Oil,NA,NA,NA,NA,NA
Philippines,1998,1A3A,Coal,NA,NA,NA,NA,NA
Philippines,1998,1A3A,Natural gas,NA,NA,NA,NA,NA
Philippines,1998,1A3A,Oil,NA,NA,NA,NA,NA
Philippines,1998,1A3A1,Coal,NA,NA,NA,NA,NA
Philippines,1998,1A3A1,Natural gas,NA,NA,NA,NA,NA
Philippines,1998,1A3A1,Oil,NA,NA,NA,NA,NA
Philippines,1998,1A3A2,Coal,NA,NA,NA,NA,NA
Philippines,1998,1A3A2,Natural gas,NA,NA,NA,NA,NA
Philippines,1998,1A3A2,Oil,NA,NA,NA,NA,NA
Philippines,1998,1A3B,Coal,NA,NA,NA,NA,NA
Philippines,1998,1A3B,Natural gas,NA,NA,NA,NA,NA
Philippines,1998,1A3B,Oil,NA,NA,NA,NA,NA
Philippines,1998,1A3C,Coal,NA,NA,NA,NA,NA
Philippines,1998,1A3C,Natural gas,NA,NA,NA,NA,NA
Philippines,1998,1A3C,Oil,NA,NA,NA,NA,NA
Philippines,1998,1A3D,Coal,NA,NA,NA,NA,NA
Philippines,1998,1A3D,Natural gas,NA,NA,NA,NA,NA
Philippines,1998,1A3D,Oil,NA,NA,NA,NA,NA
Philippines,1998,1A3D1,Coal,NA,NA,NA,NA,NA
Philippines,1998,1A3D1,Natural gas,NA,NA,NA,NA,NA
Philippines,1998,1A3D1,Oil,NA,NA,NA,NA,NA
Philippines,1998,1A3D2,Coal,NA,NA,NA,NA,NA
Philippines,1998,1A3D2,Natural gas,NA,NA,NA,NA,NA
Philippines,1998,1A3D2,Oil,NA,NA,NA,NA,NA
Philippines,1998,1A3E,Coal,NA,NA,NA,NA,NA
Philippines,1998,1A3E,Natural gas,NA,NA,NA,NA,NA
Philippines,1998,1A3E,Oil,NA,NA,NA,NA,NA
Philippines,1998,1A3E1,Coal,NA,NA,NA,NA,NA
Philippines,1998,1A3E1,Natural gas,NA,NA,NA,NA,NA
Philippines,1998,1A3E1,Oil,NA,NA,NA,NA,NA
Philippines,1998,1A4,Coal,NA,NA,NA,NA,NA
Philippines,1998,1A4,Natural gas,NA,NA,NA,NA,NA
Philippines,1998,1A4,Oil,NA,NA,NA,NA,NA
Philippines,1998,1A4A,Coal,NA,NA,NA,NA,NA
Philippines,1998,1A4A,Natural gas,NA,NA,NA,NA,NA
Philippines,1998,1A4A,Oil,NA,NA,NA,NA,NA
Philippines,1998,1A4B,Coal,NA,NA,NA,NA,NA
Philippines,1998,1A4B,Natural gas,NA,NA,NA,NA,NA
Philippines,1998,1A4B,Oil,NA,NA,NA,NA,NA
Philippines,1998,1A4C,Coal,NA,NA,NA,NA,NA
Philippines,1998,1A4C,Natural gas,NA,NA,NA,NA,NA
Philippines,1998,1A4C,Oil,NA,NA,NA,NA,NA
Philippines,1998,1A4C1,Coal,NA,NA,NA,NA,NA
Philippines,1998,1A4C1,Natural gas,NA,NA,NA,NA,NA
Philippines,1998,1A4C1,Oil,NA,NA,NA,NA,NA
Philippines,1998,1A4C2,Coal,NA,NA,NA,NA,NA
Philippines,1998,1A4C2,Natural gas,NA,NA,NA,NA,NA
Philippines,1998,1A4C2,Oil,NA,NA,NA,NA,NA
Philippines,1998,1A4C3,Coal,NA,NA,NA,NA,NA
Philippines,1998,1A4C3,Natural gas,NA,NA,NA,NA,NA
Philippines,1998,1A4C3,Oil,NA,NA,NA,NA,NA
Philippines,1998,1A5,Coal,NA,NA,NA,NA,NA
Philippines,1998,1A5,Natural gas,NA,NA,NA,NA,NA
Philippines,1998,1A5,Oil,NA,NA,NA,NA,NA
Philippines,1998,1A5A,Coal,NA,NA,NA,NA,NA
Philippines,1998,1A5A,Natural gas,NA,NA,NA,NA,NA
Philippines,1998,1A5A,Oil,NA,NA,NA,NA,NA
Philippines,1998,1A5B,Coal,NA,NA,NA,NA,NA
Philippines,1998,1A5B,Natural gas,NA,NA,NA,NA,NA
Philippines,1998,1A5B,Oil,NA,NA,NA,NA,NA
Philippines,1998,1A5C,Coal,NA,NA,NA,NA,NA
Philippines,1998,1A5C,Natural gas,NA,NA,NA,NA,NA
Philippines,1998,1A5C,Oil,NA,NA,NA,NA,NA
Philippines,1998,1B,NA,NA,NA,NA,NA,NA
Philippines,1998,1B1,NA,NA,NA,NA,NA,NA
Philippines,1998,1B1A,NA,NA,NA,NA,NA,NA
Philippines,1998,1B1A1,NA,NA,NA,NA,NA,NA
Philippines,1998,1B1A11,NA,NA,NA,NA,NA,NA
Philippines,1998,1B1A12,NA,NA,NA,NA,NA,NA
Philippines,1998,1B1A13,NA,NA,NA,NA,NA,NA
Philippines,1998,1B1A14,NA,NA,NA,NA,NA,NA
Philippines,1998,1B1A2,NA,NA,NA,NA,NA,NA
Philippines,1998,1B1A21,NA,NA,NA,NA,NA,NA
Philippines,1998,1B1A22,NA,NA,NA,NA,NA,NA
Philippines,1998,1B1B,NA,NA,NA,NA,NA,NA
Philippines,1998,1B2,NA,NA,NA,NA,NA,NA
Philippines,1998,1B2A,NA,NA,NA,NA,NA,NA
Philippines,1998,1B2A1,NA,NA,NA,NA,NA,NA
Philippines,1998,1B2A2,NA,NA,NA,NA,NA,NA
Philippines,1998,1B2A3,NA,NA,NA,NA,NA,NA
Philippines,1998,1B2A31,NA,NA,NA,NA,NA,NA
Philippines,1998,1B2A32,NA,NA,NA,NA,NA,NA
Philippines,1998,1B2A33,NA,NA,NA,NA,NA,NA
Philippines,1998,1B2A34,NA,NA,NA,NA,NA,NA
Philippines,1998,1B2A35,NA,NA,NA,NA,NA,NA
Philippines,1998,1B2A36,NA,NA,NA,NA,NA,NA
Philippines,1998,1B2B,NA,NA,NA,NA,NA,NA
Philippines,1998,1B2B1,NA,NA,NA,NA,NA,NA
Philippines,1998,1B2B2,NA,NA,NA,NA,NA,NA
Philippines,1998,1B2B3,NA,NA,NA,NA,NA,NA
Philippines,1998,1B2B31,NA,NA,NA,NA,NA,NA
Philippines,1998,1B2B32,NA,NA,NA,NA,NA,NA
Philippines,1998,1B2B33,NA,NA,NA,NA,NA,NA
Philippines,1998,1B2B34,NA,NA,NA,NA,NA,NA
Philippines,1998,1B2B35,NA,NA,NA,NA,NA,NA
Philippines,1998,1B2B36,NA,NA,NA,NA,NA,NA
Philippines,1998,1B3,NA,NA,NA,NA,NA,NA
Philippines,1998,1C,NA,NA,NA,NA,NA,NA
Philippines,1998,1C1,NA,NA,NA,NA,NA,NA
Philippines,1998,1C1A,NA,NA,NA,NA,NA,NA
Philippines,1998,1C1B,NA,NA,NA,NA,NA,NA
Philippines,1998,1C1C,NA,NA,NA,NA,NA,NA
Philippines,1998,1C2,NA,NA,NA,NA,NA,NA
Philippines,1998,1C2A,NA,NA,NA,NA,NA,NA
Philippines,1998,1C2B,NA,NA,NA,NA,NA,NA
Philippines,1998,1C3,NA,NA,NA,NA,NA,NA
Philippines,1998,2A,NA,NA,NA,NA,NA,NA
Philippines,1998,2A1,NA,NA,NA,NA,NA,NA
Philippines,1998,2A2,NA,NA,NA,NA,NA,NA
Philippines,1998,2A3,NA,NA,NA,NA,NA,NA
Philippines,1998,2A4,NA,NA,NA,NA,NA,NA
Philippines,1998,2A4A,NA,NA,NA,NA,NA,NA
Philippines,1998,2A4B,NA,NA,NA,NA,NA,NA
Philippines,1998,2A4C,NA,NA,NA,NA,NA,NA
Philippines,1998,2A4D,NA,NA,NA,NA,NA,NA
Philippines,1998,2B,NA,NA,NA,NA,NA,NA
Philippines,1998,2B1,NA,NA,NA,NA,NA,NA
Philippines,1998,2B10,NA,NA,NA,NA,NA,NA
Philippines,1998,2B2,NA,NA,NA,NA,NA,NA
Philippines,1998,2B3,NA,NA,NA,NA,NA,NA
Philippines,1998,2B4,NA,NA,NA,NA,NA,NA
Philippines,1998,2B5,NA,NA,NA,NA,NA,NA
Philippines,1998,2B6,NA,NA,NA,NA,NA,NA
Philippines,1998,2B7,NA,NA,NA,NA,NA,NA
Philippines,1998,2B8,NA,NA,NA,NA,NA,NA
Philippines,1998,2B8A,NA,NA,NA,NA,NA,NA
Philippines,1998,2B8B,NA,NA,NA,NA,NA,NA
Philippines,1998,2B8C,NA,NA,NA,NA,NA,NA
Philippines,1998,2B8D,NA,NA,NA,NA,NA,NA
Philippines,1998,2B8E,NA,NA,NA,NA,NA,NA
Philippines,1998,2B8F,NA,NA,NA,NA,NA,NA
Philippines,1998,2B9,NA,NA,NA,NA,NA,NA
Philippines,1998,2B9A,NA,NA,NA,NA,NA,NA
Philippines,1998,2B9B,NA,NA,NA,NA,NA,NA
Philippines,1998,2C,NA,NA,NA,NA,NA,NA
Philippines,1998,2C1,NA,NA,NA,NA,NA,NA
Philippines,1998,2C2,NA,NA,NA,NA,NA,NA
Philippines,1998,2C3,NA,NA,NA,NA,NA,NA
Philippines,1998,2C4,NA,NA,NA,NA,NA,NA
Philippines,1998,2C5,NA,NA,NA,NA,NA,NA
Philippines,1998,2C6,NA,NA,NA,NA,NA,NA
Philippines,1998,2C7,NA,NA,NA,NA,NA,NA
Philippines,1998,2D,NA,NA,NA,NA,NA,NA
Philippines,1998,2D1,NA,NA,NA,NA,NA,NA
Philippines,1998,2D2,NA,NA,NA,NA,NA,NA
Philippines,1998,2D3,NA,NA,NA,NA,NA,NA
Philippines,1998,2D4,NA,NA,NA,NA,NA,NA
Philippines,1998,2E,NA,NA,NA,NA,NA,NA
Philippines,1998,2E1,NA,NA,NA,NA,NA,NA
Philippines,1998,2E2,NA,NA,NA,NA,NA,NA
Philippines,1998,2E3,NA,NA,NA,NA,NA,NA
Philippines,1998,2E4,NA,NA,NA,NA,NA,NA
Philippines,1998,2E5,NA,NA,NA,NA,NA,NA
Philippines,1998,2F,NA,NA,NA,NA,NA,NA
Philippines,1998,2F1,NA,NA,NA,NA,NA,NA
Philippines,1998,2F2,NA,NA,NA,NA,NA,NA
Philippines,1998,2F3,NA,NA,NA,NA,NA,NA
Philippines,1998,2F4,NA,NA,NA,NA,NA,NA
Philippines,1998,2F5,NA,NA,NA,NA,NA,NA
Philippines,1998,2F6,NA,NA,NA,NA,NA,NA
Philippines,1998,2G,NA,NA,NA,NA,NA,NA
Philippines,1998,2G1,NA,NA,NA,NA,NA,NA
Philippines,1998,2G2,NA,NA,NA,NA,NA,NA
Philippines,1998,2G3,NA,NA,NA,NA,NA,NA
Philippines,1998,2G4,NA,NA,NA,NA,NA,NA
Philippines,1998,2H,NA,NA,NA,NA,NA,NA
Philippines,1998,2H1,NA,NA,NA,NA,NA,NA
Philippines,1998,2H2,NA,NA,NA,NA,NA,NA
Philippines,1998,2H3,NA,NA,NA,NA,NA,NA
Philippines,1998,3A,NA,NA,NA,NA,NA,NA
Philippines,1998,3A1,NA,NA,NA,NA,NA,NA
Philippines,1998,3A2,NA,NA,NA,NA,NA,NA
Philippines,1998,3B,NA,NA,NA,NA,NA,NA
Philippines,1998,3B1,NA,NA,NA,NA,NA,NA
Philippines,1998,3B1A,NA,NA,NA,NA,NA,NA
Philippines,1998,3B1B,NA,NA,NA,NA,NA,NA
Philippines,1998,3B2,NA,NA,NA,NA,NA,NA
Philippines,1998,3B2A,NA,NA,NA,NA,NA,NA
Philippines,1998,3B2B,NA,NA,NA,NA,NA,NA
Philippines,1998,3B3,NA,NA,NA,NA,NA,NA
Philippines,1998,3B3A,NA,NA,NA,NA,NA,NA
Philippines,1998,3B3B,NA,NA,NA,NA,NA,NA
Philippines,1998,3B4,NA,NA,NA,NA,NA,NA
Philippines,1998,3B4A,NA,NA,NA,NA,NA,NA
Philippines,1998,3B4B,NA,NA,NA,NA,NA,NA
Philippines,1998,3B5,NA,NA,NA,NA,NA,NA
Philippines,1998,3B5A,NA,NA,NA,NA,NA,NA
Philippines,1998,3B5B,NA,NA,NA,NA,NA,NA
Philippines,1998,3B6,NA,NA,NA,NA,NA,NA
Philippines,1998,3B6A,NA,NA,NA,NA,NA,NA
Philippines,1998,3B6B,NA,NA,NA,NA,NA,NA
Philippines,1998,3B6B1,NA,NA,NA,NA,NA,NA
Philippines,1998,3B6B2,NA,NA,NA,NA,NA,NA
Philippines,1998,3B6B3,NA,NA,NA,NA,NA,NA
Philippines,1998,3B6B4,NA,NA,NA,NA,NA,NA
Philippines,1998,3B6B5,NA,NA,NA,NA,NA,NA
Philippines,1998,3C,NA,NA,NA,NA,NA,NA
Philippines,1998,3C1,NA,NA,NA,NA,NA,NA
Philippines,1998,3C2,NA,NA,NA,NA,NA,NA
Philippines,1998,3C3,NA,NA,NA,NA,NA,NA
Philippines,1998,3C4,NA,NA,NA,NA,NA,NA
Philippines,1998,3C5,NA,NA,NA,NA,NA,NA
Philippines,1998,3C6,NA,NA,NA,NA,NA,NA
Philippines,1998,3C7,NA,NA,NA,NA,NA,NA
Philippines,1998,3C8,NA,NA,NA,NA,NA,NA
Philippines,1998,3D,NA,NA,NA,NA,NA,NA
Philippines,1998,3D1,NA,NA,NA,NA,NA,NA
Philippines,1998,3D2,NA,NA,NA,NA,NA,NA
Philippines,1998,4A,NA,NA,NA,NA,NA,NA
Philippines,1998,4A1,NA,NA,NA,NA,NA,NA
Philippines,1998,4A2,NA,NA,NA,NA,NA,NA
Philippines,1998,4A3,NA,NA,NA,NA,NA,NA
Philippines,1998,4B,NA,NA,NA,NA,NA,NA
Philippines,1998,4C,NA,NA,NA,NA,NA,NA
Philippines,1998,4C1,NA,NA,NA,NA,NA,NA
Philippines,1998,4C2,NA,NA,NA,NA,NA,NA
Philippines,1998,4D,NA,NA,NA,NA,NA,NA
Philippines,1998,4D1,NA,NA,NA,NA,NA,NA
Philippines,1998,4D2,NA,NA,NA,NA,NA,NA
Philippines,1998,4E,NA,NA,NA,NA,NA,NA
Philippines,1998,5A,NA,NA,NA,NA,NA,NA
Philippines,1998,5A1,NA,NA,NA,NA,NA,NA
Philippines,1998,5A2,NA,NA,NA,NA,NA,NA
Philippines,1999,0,NA,NA,NA,NA,NA,NA
Philippines,1999,1,NA,NA,NA,NA,NA,NA
Philippines,1999,2,NA,NA,NA,NA,NA,NA
Philippines,1999,3,NA,NA,NA,NA,NA,NA
Philippines,1999,4,NA,NA,NA,NA,NA,NA
Philippines,1999,5,NA,NA,NA,NA,NA,NA
Philippines,1999,1A,Coal,NA,NA,NA,NA,NA
Philippines,1999,1A,Natural gas,NA,NA,NA,NA,NA
Philippines,1999,1A,Oil,NA,NA,NA,NA,NA
Philippines,1999,1A1,Coal,NA,NA,NA,NA,NA
Philippines,1999,1A1,Natural gas,NA,NA,NA,NA,NA
Philippines,1999,1A1,Oil,NA,NA,NA,NA,NA
Philippines,1999,1A1A,Coal,NA,NA,NA,NA,NA
Philippines,1999,1A1A,Natural gas,NA,NA,NA,NA,NA
Philippines,1999,1A1A,Oil,NA,NA,NA,NA,NA
Philippines,1999,1A1A1,Coal,NA,NA,NA,NA,NA
Philippines,1999,1A1A1,Natural gas,NA,NA,NA,NA,NA
Philippines,1999,1A1A1,Oil,NA,NA,NA,NA,NA
Philippines,1999,1A1A2,Coal,NA,NA,NA,NA,NA
Philippines,1999,1A1A2,Natural gas,NA,NA,NA,NA,NA
Philippines,1999,1A1A2,Oil,NA,NA,NA,NA,NA
Philippines,1999,1A1A3,Coal,NA,NA,NA,NA,NA
Philippines,1999,1A1A3,Natural gas,NA,NA,NA,NA,NA
Philippines,1999,1A1A3,Oil,NA,NA,NA,NA,NA
Philippines,1999,1A1B,Coal,NA,NA,NA,NA,NA
Philippines,1999,1A1B,Natural gas,NA,NA,NA,NA,NA
Philippines,1999,1A1B,Oil,NA,NA,NA,NA,NA
Philippines,1999,1A1C,Coal,NA,NA,NA,NA,NA
Philippines,1999,1A1C,Natural gas,NA,NA,NA,NA,NA
Philippines,1999,1A1C,Oil,NA,NA,NA,NA,NA
Philippines,1999,1A2,Coal,NA,NA,NA,NA,NA
Philippines,1999,1A2,Natural gas,NA,NA,NA,NA,NA
Philippines,1999,1A2,Oil,NA,NA,NA,NA,NA
Philippines,1999,1A2A,Coal,NA,NA,NA,NA,NA
Philippines,1999,1A2A,Natural gas,NA,NA,NA,NA,NA
Philippines,1999,1A2A,Oil,NA,NA,NA,NA,NA
Philippines,1999,1A2B,Coal,NA,NA,NA,NA,NA
Philippines,1999,1A2B,Natural gas,NA,NA,NA,NA,NA
Philippines,1999,1A2B,Oil,NA,NA,NA,NA,NA
Philippines,1999,1A2C,Coal,NA,NA,NA,NA,NA
Philippines,1999,1A2C,Natural gas,NA,NA,NA,NA,NA
Philippines,1999,1A2C,Oil,NA,NA,NA,NA,NA
Philippines,1999,1A2D,Coal,NA,NA,NA,NA,NA
Philippines,1999,1A2D,Natural gas,NA,NA,NA,NA,NA
Philippines,1999,1A2D,Oil,NA,NA,NA,NA,NA
Philippines,1999,1A2E,Coal,NA,NA,NA,NA,NA
Philippines,1999,1A2E,Natural gas,NA,NA,NA,NA,NA
Philippines,1999,1A2E,Oil,NA,NA,NA,NA,NA
Philippines,1999,1A2F,Coal,NA,NA,NA,NA,NA
Philippines,1999,1A2F,Natural gas,NA,NA,NA,NA,NA
Philippines,1999,1A2F,Oil,NA,NA,NA,NA,NA
Philippines,1999,1A2G,Coal,NA,NA,NA,NA,NA
Philippines,1999,1A2G,Natural gas,NA,NA,NA,NA,NA
Philippines,1999,1A2G,Oil,NA,NA,NA,NA,NA
Philippines,1999,1A2H,Coal,NA,NA,NA,NA,NA
Philippines,1999,1A2H,Natural gas,NA,NA,NA,NA,NA
Philippines,1999,1A2H,Oil,NA,NA,NA,NA,NA
Philippines,1999,1A2I,Coal,NA,NA,NA,NA,NA
Philippines,1999,1A2I,Natural gas,NA,NA,NA,NA,NA
Philippines,1999,1A2I,Oil,NA,NA,NA,NA,NA
Philippines,1999,1A2J,Coal,NA,NA,NA,NA,NA
Philippines,1999,1A2J,Natural gas,NA,NA,NA,NA,NA
Philippines,1999,1A2J,Oil,NA,NA,NA,NA,NA
Philippines,1999,1A2K,Coal,NA,NA,NA,NA,NA
Philippines,1999,1A2K,Natural gas,NA,NA,NA,NA,NA
Philippines,1999,1A2K,Oil,NA,NA,NA,NA,NA
Philippines,1999,1A2L,Coal,NA,NA,NA,NA,NA
Philippines,1999,1A2L,Natural gas,NA,NA,NA,NA,NA
Philippines,1999,1A2L,Oil,NA,NA,NA,NA,NA
Philippines,1999,1A2M,Coal,NA,NA,NA,NA,NA
Philippines,1999,1A2M,Natural gas,NA,NA,NA,NA,NA
Philippines,1999,1A2M,Oil,NA,NA,NA,NA,NA
Philippines,1999,1A3,Coal,NA,NA,NA,NA,NA
Philippines,1999,1A3,Natural gas,NA,NA,NA,NA,NA
Philippines,1999,1A3,Oil,NA,NA,NA,NA,NA
Philippines,1999,1A3A,Coal,NA,NA,NA,NA,NA
Philippines,1999,1A3A,Natural gas,NA,NA,NA,NA,NA
Philippines,1999,1A3A,Oil,NA,NA,NA,NA,NA
Philippines,1999,1A3A1,Coal,NA,NA,NA,NA,NA
Philippines,1999,1A3A1,Natural gas,NA,NA,NA,NA,NA
Philippines,1999,1A3A1,Oil,NA,NA,NA,NA,NA
Philippines,1999,1A3A2,Coal,NA,NA,NA,NA,NA
Philippines,1999,1A3A2,Natural gas,NA,NA,NA,NA,NA
Philippines,1999,1A3A2,Oil,NA,NA,NA,NA,NA
Philippines,1999,1A3B,Coal,NA,NA,NA,NA,NA
Philippines,1999,1A3B,Natural gas,NA,NA,NA,NA,NA
Philippines,1999,1A3B,Oil,NA,NA,NA,NA,NA
Philippines,1999,1A3C,Coal,NA,NA,NA,NA,NA
Philippines,1999,1A3C,Natural gas,NA,NA,NA,NA,NA
Philippines,1999,1A3C,Oil,NA,NA,NA,NA,NA
Philippines,1999,1A3D,Coal,NA,NA,NA,NA,NA
Philippines,1999,1A3D,Natural gas,NA,NA,NA,NA,NA
Philippines,1999,1A3D,Oil,NA,NA,NA,NA,NA
Philippines,1999,1A3D1,Coal,NA,NA,NA,NA,NA
Philippines,1999,1A3D1,Natural gas,NA,NA,NA,NA,NA
Philippines,1999,1A3D1,Oil,NA,NA,NA,NA,NA
Philippines,1999,1A3D2,Coal,NA,NA,NA,NA,NA
Philippines,1999,1A3D2,Natural gas,NA,NA,NA,NA,NA
Philippines,1999,1A3D2,Oil,NA,NA,NA,NA,NA
Philippines,1999,1A3E,Coal,NA,NA,NA,NA,NA
Philippines,1999,1A3E,Natural gas,NA,NA,NA,NA,NA
Philippines,1999,1A3E,Oil,NA,NA,NA,NA,NA
Philippines,1999,1A3E1,Coal,NA,NA,NA,NA,NA
Philippines,1999,1A3E1,Natural gas,NA,NA,NA,NA,NA
Philippines,1999,1A3E1,Oil,NA,NA,NA,NA,NA
Philippines,1999,1A4,Coal,NA,NA,NA,NA,NA
Philippines,1999,1A4,Natural gas,NA,NA,NA,NA,NA
Philippines,1999,1A4,Oil,NA,NA,NA,NA,NA
Philippines,1999,1A4A,Coal,NA,NA,NA,NA,NA
Philippines,1999,1A4A,Natural gas,NA,NA,NA,NA,NA
Philippines,1999,1A4A,Oil,NA,NA,NA,NA,NA
Philippines,1999,1A4B,Coal,NA,NA,NA,NA,NA
Philippines,1999,1A4B,Natural gas,NA,NA,NA,NA,NA
Philippines,1999,1A4B,Oil,NA,NA,NA,NA,NA
Philippines,1999,1A4C,Coal,NA,NA,NA,NA,NA
Philippines,1999,1A4C,Natural gas,NA,NA,NA,NA,NA
Philippines,1999,1A4C,Oil,NA,NA,NA,NA,NA
Philippines,1999,1A4C1,Coal,NA,NA,NA,NA,NA
Philippines,1999,1A4C1,Natural gas,NA,NA,NA,NA,NA
Philippines,1999,1A4C1,Oil,NA,NA,NA,NA,NA
Philippines,1999,1A4C2,Coal,NA,NA,NA,NA,NA
Philippines,1999,1A4C2,Natural gas,NA,NA,NA,NA,NA
Philippines,1999,1A4C2,Oil,NA,NA,NA,NA,NA
Philippines,1999,1A4C3,Coal,NA,NA,NA,NA,NA
Philippines,1999,1A4C3,Natural gas,NA,NA,NA,NA,NA
Philippines,1999,1A4C3,Oil,NA,NA,NA,NA,NA
Philippines,1999,1A5,Coal,NA,NA,NA,NA,NA
Philippines,1999,1A5,Natural gas,NA,NA,NA,NA,NA
Philippines,1999,1A5,Oil,NA,NA,NA,NA,NA
Philippines,1999,1A5A,Coal,NA,NA,NA,NA,NA
Philippines,1999,1A5A,Natural gas,NA,NA,NA,NA,NA
Philippines,1999,1A5A,Oil,NA,NA,NA,NA,NA
Philippines,1999,1A5B,Coal,NA,NA,NA,NA,NA
Philippines,1999,1A5B,Natural gas,NA,NA,NA,NA,NA
Philippines,1999,1A5B,Oil,NA,NA,NA,NA,NA
Philippines,1999,1A5C,Coal,NA,NA,NA,NA,NA
Philippines,1999,1A5C,Natural gas,NA,NA,NA,NA,NA
Philippines,1999,1A5C,Oil,NA,NA,NA,NA,NA
Philippines,1999,1B,NA,NA,NA,NA,NA,NA
Philippines,1999,1B1,NA,NA,NA,NA,NA,NA
Philippines,1999,1B1A,NA,NA,NA,NA,NA,NA
Philippines,1999,1B1A1,NA,NA,NA,NA,NA,NA
Philippines,1999,1B1A11,NA,NA,NA,NA,NA,NA
Philippines,1999,1B1A12,NA,NA,NA,NA,NA,NA
Philippines,1999,1B1A13,NA,NA,NA,NA,NA,NA
Philippines,1999,1B1A14,NA,NA,NA,NA,NA,NA
Philippines,1999,1B1A2,NA,NA,NA,NA,NA,NA
Philippines,1999,1B1A21,NA,NA,NA,NA,NA,NA
Philippines,1999,1B1A22,NA,NA,NA,NA,NA,NA
Philippines,1999,1B1B,NA,NA,NA,NA,NA,NA
Philippines,1999,1B2,NA,NA,NA,NA,NA,NA
Philippines,1999,1B2A,NA,NA,NA,NA,NA,NA
Philippines,1999,1B2A1,NA,NA,NA,NA,NA,NA
Philippines,1999,1B2A2,NA,NA,NA,NA,NA,NA
Philippines,1999,1B2A3,NA,NA,NA,NA,NA,NA
Philippines,1999,1B2A31,NA,NA,NA,NA,NA,NA
Philippines,1999,1B2A32,NA,NA,NA,NA,NA,NA
Philippines,1999,1B2A33,NA,NA,NA,NA,NA,NA
Philippines,1999,1B2A34,NA,NA,NA,NA,NA,NA
Philippines,1999,1B2A35,NA,NA,NA,NA,NA,NA
Philippines,1999,1B2A36,NA,NA,NA,NA,NA,NA
Philippines,1999,1B2B,NA,NA,NA,NA,NA,NA
Philippines,1999,1B2B1,NA,NA,NA,NA,NA,NA
Philippines,1999,1B2B2,NA,NA,NA,NA,NA,NA
Philippines,1999,1B2B3,NA,NA,NA,NA,NA,NA
Philippines,1999,1B2B31,NA,NA,NA,NA,NA,NA
Philippines,1999,1B2B32,NA,NA,NA,NA,NA,NA
Philippines,1999,1B2B33,NA,NA,NA,NA,NA,NA
Philippines,1999,1B2B34,NA,NA,NA,NA,NA,NA
Philippines,1999,1B2B35,NA,NA,NA,NA,NA,NA
Philippines,1999,1B2B36,NA,NA,NA,NA,NA,NA
Philippines,1999,1B3,NA,NA,NA,NA,NA,NA
Philippines,1999,1C,NA,NA,NA,NA,NA,NA
Philippines,1999,1C1,NA,NA,NA,NA,NA,NA
Philippines,1999,1C1A,NA,NA,NA,NA,NA,NA
Philippines,1999,1C1B,NA,NA,NA,NA,NA,NA
Philippines,1999,1C1C,NA,NA,NA,NA,NA,NA
Philippines,1999,1C2,NA,NA,NA,NA,NA,NA
Philippines,1999,1C2A,NA,NA,NA,NA,NA,NA
Philippines,1999,1C2B,NA,NA,NA,NA,NA,NA
Philippines,1999,1C3,NA,NA,NA,NA,NA,NA
Philippines,1999,2A,NA,NA,NA,NA,NA,NA
Philippines,1999,2A1,NA,NA,NA,NA,NA,NA
Philippines,1999,2A2,NA,NA,NA,NA,NA,NA
Philippines,1999,2A3,NA,NA,NA,NA,NA,NA
Philippines,1999,2A4,NA,NA,NA,NA,NA,NA
Philippines,1999,2A4A,NA,NA,NA,NA,NA,NA
Philippines,1999,2A4B,NA,NA,NA,NA,NA,NA
Philippines,1999,2A4C,NA,NA,NA,NA,NA,NA
Philippines,1999,2A4D,NA,NA,NA,NA,NA,NA
Philippines,1999,2B,NA,NA,NA,NA,NA,NA
Philippines,1999,2B1,NA,NA,NA,NA,NA,NA
Philippines,1999,2B10,NA,NA,NA,NA,NA,NA
Philippines,1999,2B2,NA,NA,NA,NA,NA,NA
Philippines,1999,2B3,NA,NA,NA,NA,NA,NA
Philippines,1999,2B4,NA,NA,NA,NA,NA,NA
Philippines,1999,2B5,NA,NA,NA,NA,NA,NA
Philippines,1999,2B6,NA,NA,NA,NA,NA,NA
Philippines,1999,2B7,NA,NA,NA,NA,NA,NA
Philippines,1999,2B8,NA,NA,NA,NA,NA,NA
Philippines,1999,2B8A,NA,NA,NA,NA,NA,NA
Philippines,1999,2B8B,NA,NA,NA,NA,NA,NA
Philippines,1999,2B8C,NA,NA,NA,NA,NA,NA
Philippines,1999,2B8D,NA,NA,NA,NA,NA,NA
Philippines,1999,2B8E,NA,NA,NA,NA,NA,NA
Philippines,1999,2B8F,NA,NA,NA,NA,NA,NA
Philippines,1999,2B9,NA,NA,NA,NA,NA,NA
Philippines,1999,2B9A,NA,NA,NA,NA,NA,NA
Philippines,1999,2B9B,NA,NA,NA,NA,NA,NA
Philippines,1999,2C,NA,NA,NA,NA,NA,NA
Philippines,1999,2C1,NA,NA,NA,NA,NA,NA
Philippines,1999,2C2,NA,NA,NA,NA,NA,NA
Philippines,1999,2C3,NA,NA,NA,NA,NA,NA
Philippines,1999,2C4,NA,NA,NA,NA,NA,NA
Philippines,1999,2C5,NA,NA,NA,NA,NA,NA
Philippines,1999,2C6,NA,NA,NA,NA,NA,NA
Philippines,1999,2C7,NA,NA,NA,NA,NA,NA
Philippines,1999,2D,NA,NA,NA,NA,NA,NA
Philippines,1999,2D1,NA,NA,NA,NA,NA,NA
Philippines,1999,2D2,NA,NA,NA,NA,NA,NA
Philippines,1999,2D3,NA,NA,NA,NA,NA,NA
Philippines,1999,2D4,NA,NA,NA,NA,NA,NA
Philippines,1999,2E,NA,NA,NA,NA,NA,NA
Philippines,1999,2E1,NA,NA,NA,NA,NA,NA
Philippines,1999,2E2,NA,NA,NA,NA,NA,NA
Philippines,1999,2E3,NA,NA,NA,NA,NA,NA
Philippines,1999,2E4,NA,NA,NA,NA,NA,NA
Philippines,1999,2E5,NA,NA,NA,NA,NA,NA
Philippines,1999,2F,NA,NA,NA,NA,NA,NA
Philippines,1999,2F1,NA,NA,NA,NA,NA,NA
Philippines,1999,2F2,NA,NA,NA,NA,NA,NA
Philippines,1999,2F3,NA,NA,NA,NA,NA,NA
Philippines,1999,2F4,NA,NA,NA,NA,NA,NA
Philippines,1999,2F5,NA,NA,NA,NA,NA,NA
Philippines,1999,2F6,NA,NA,NA,NA,NA,NA
Philippines,1999,2G,NA,NA,NA,NA,NA,NA
Philippines,1999,2G1,NA,NA,NA,NA,NA,NA
Philippines,1999,2G2,NA,NA,NA,NA,NA,NA
Philippines,1999,2G3,NA,NA,NA,NA,NA,NA
Philippines,1999,2G4,NA,NA,NA,NA,NA,NA
Philippines,1999,2H,NA,NA,NA,NA,NA,NA
Philippines,1999,2H1,NA,NA,NA,NA,NA,NA
Philippines,1999,2H2,NA,NA,NA,NA,NA,NA
Philippines,1999,2H3,NA,NA,NA,NA,NA,NA
Philippines,1999,3A,NA,NA,NA,NA,NA,NA
Philippines,1999,3A1,NA,NA,NA,NA,NA,NA
Philippines,1999,3A2,NA,NA,NA,NA,NA,NA
Philippines,1999,3B,NA,NA,NA,NA,NA,NA
Philippines,1999,3B1,NA,NA,NA,NA,NA,NA
Philippines,1999,3B1A,NA,NA,NA,NA,NA,NA
Philippines,1999,3B1B,NA,NA,NA,NA,NA,NA
Philippines,1999,3B2,NA,NA,NA,NA,NA,NA
Philippines,1999,3B2A,NA,NA,NA,NA,NA,NA
Philippines,1999,3B2B,NA,NA,NA,NA,NA,NA
Philippines,1999,3B3,NA,NA,NA,NA,NA,NA
Philippines,1999,3B3A,NA,NA,NA,NA,NA,NA
Philippines,1999,3B3B,NA,NA,NA,NA,NA,NA
Philippines,1999,3B4,NA,NA,NA,NA,NA,NA
Philippines,1999,3B4A,NA,NA,NA,NA,NA,NA
Philippines,1999,3B4B,NA,NA,NA,NA,NA,NA
Philippines,1999,3B5,NA,NA,NA,NA,NA,NA
Philippines,1999,3B5A,NA,NA,NA,NA,NA,NA
Philippines,1999,3B5B,NA,NA,NA,NA,NA,NA
Philippines,1999,3B6,NA,NA,NA,NA,NA,NA
Philippines,1999,3B6A,NA,NA,NA,NA,NA,NA
Philippines,1999,3B6B,NA,NA,NA,NA,NA,NA
Philippines,1999,3B6B1,NA,NA,NA,NA,NA,NA
Philippines,1999,3B6B2,NA,NA,NA,NA,NA,NA
Philippines,1999,3B6B3,NA,NA,NA,NA,NA,NA
Philippines,1999,3B6B4,NA,NA,NA,NA,NA,NA
Philippines,1999,3B6B5,NA,NA,NA,NA,NA,NA
Philippines,1999,3C,NA,NA,NA,NA,NA,NA
Philippines,1999,3C1,NA,NA,NA,NA,NA,NA
Philippines,1999,3C2,NA,NA,NA,NA,NA,NA
Philippines,1999,3C3,NA,NA,NA,NA,NA,NA
Philippines,1999,3C4,NA,NA,NA,NA,NA,NA
Philippines,1999,3C5,NA,NA,NA,NA,NA,NA
Philippines,1999,3C6,NA,NA,NA,NA,NA,NA
Philippines,1999,3C7,NA,NA,NA,NA,NA,NA
Philippines,1999,3C8,NA,NA,NA,NA,NA,NA
Philippines,1999,3D,NA,NA,NA,NA,NA,NA
Philippines,1999,3D1,NA,NA,NA,NA,NA,NA
Philippines,1999,3D2,NA,NA,NA,NA,NA,NA
Philippines,1999,4A,NA,NA,NA,NA,NA,NA
Philippines,1999,4A1,NA,NA,NA,NA,NA,NA
Philippines,1999,4A2,NA,NA,NA,NA,NA,NA
Philippines,1999,4A3,NA,NA,NA,NA,NA,NA
Philippines,1999,4B,NA,NA,NA,NA,NA,NA
Philippines,1999,4C,NA,NA,NA,NA,NA,NA
Philippines,1999,4C1,NA,NA,NA,NA,NA,NA
Philippines,1999,4C2,NA,NA,NA,NA,NA,NA
Philippines,1999,4D,NA,NA,NA,NA,NA,NA
Philippines,1999,4D1,NA,NA,NA,NA,NA,NA
Philippines,1999,4D2,NA,NA,NA,NA,NA,NA
Philippines,1999,4E,NA,NA,NA,NA,NA,NA
Philippines,1999,5A,NA,NA,NA,NA,NA,NA
Philippines,1999,5A1,NA,NA,NA,NA,NA,NA
Philippines,1999,5A2,NA,NA,NA,NA,NA,NA
Philippines,2000,0,NA,NA,NA,NA,NA,NA
Philippines,2000,1,NA,NA,NA,NA,NA,NA
Philippines,2000,2,NA,NA,NA,NA,NA,NA
Philippines,2000,3,NA,NA,NA,NA,NA,NA
Philippines,2000,4,NA,NA,NA,NA,NA,NA
Philippines,2000,5,NA,NA,NA,NA,NA,NA
Philippines,2000,1A,Coal,NA,NA,NA,NA,NA
Philippines,2000,1A,Natural gas,NA,NA,NA,NA,NA
Philippines,2000,1A,Oil,NA,NA,NA,NA,NA
Philippines,2000,1A1,Coal,NA,NA,NA,NA,NA
Philippines,2000,1A1,Natural gas,NA,NA,NA,NA,NA
Philippines,2000,1A1,Oil,NA,NA,NA,NA,NA
Philippines,2000,1A1A,Coal,NA,NA,NA,NA,NA
Philippines,2000,1A1A,Natural gas,NA,NA,NA,NA,NA
Philippines,2000,1A1A,Oil,NA,NA,NA,NA,NA
Philippines,2000,1A1A1,Coal,NA,NA,NA,NA,NA
Philippines,2000,1A1A1,Natural gas,NA,NA,NA,NA,NA
Philippines,2000,1A1A1,Oil,NA,NA,NA,NA,NA
Philippines,2000,1A1A2,Coal,NA,NA,NA,NA,NA
Philippines,2000,1A1A2,Natural gas,NA,NA,NA,NA,NA
Philippines,2000,1A1A2,Oil,NA,NA,NA,NA,NA
Philippines,2000,1A1A3,Coal,NA,NA,NA,NA,NA
Philippines,2000,1A1A3,Natural gas,NA,NA,NA,NA,NA
Philippines,2000,1A1A3,Oil,NA,NA,NA,NA,NA
Philippines,2000,1A1B,Coal,NA,NA,NA,NA,NA
Philippines,2000,1A1B,Natural gas,NA,NA,NA,NA,NA
Philippines,2000,1A1B,Oil,NA,NA,NA,NA,NA
Philippines,2000,1A1C,Coal,NA,NA,NA,NA,NA
Philippines,2000,1A1C,Natural gas,NA,NA,NA,NA,NA
Philippines,2000,1A1C,Oil,NA,NA,NA,NA,NA
Philippines,2000,1A2,Coal,NA,NA,NA,NA,NA
Philippines,2000,1A2,Natural gas,NA,NA,NA,NA,NA
Philippines,2000,1A2,Oil,NA,NA,NA,NA,NA
Philippines,2000,1A2A,Coal,NA,NA,NA,NA,NA
Philippines,2000,1A2A,Natural gas,NA,NA,NA,NA,NA
Philippines,2000,1A2A,Oil,NA,NA,NA,NA,NA
Philippines,2000,1A2B,Coal,NA,NA,NA,NA,NA
Philippines,2000,1A2B,Natural gas,NA,NA,NA,NA,NA
Philippines,2000,1A2B,Oil,NA,NA,NA,NA,NA
Philippines,2000,1A2C,Coal,NA,NA,NA,NA,NA
Philippines,2000,1A2C,Natural gas,NA,NA,NA,NA,NA
Philippines,2000,1A2C,Oil,NA,NA,NA,NA,NA
Philippines,2000,1A2D,Coal,NA,NA,NA,NA,NA
Philippines,2000,1A2D,Natural gas,NA,NA,NA,NA,NA
Philippines,2000,1A2D,Oil,NA,NA,NA,NA,NA
Philippines,2000,1A2E,Coal,NA,NA,NA,NA,NA
Philippines,2000,1A2E,Natural gas,NA,NA,NA,NA,NA
Philippines,2000,1A2E,Oil,NA,NA,NA,NA,NA
Philippines,2000,1A2F,Coal,NA,NA,NA,NA,NA
Philippines,2000,1A2F,Natural gas,NA,NA,NA,NA,NA
Philippines,2000,1A2F,Oil,NA,NA,NA,NA,NA
Philippines,2000,1A2G,Coal,NA,NA,NA,NA,NA
Philippines,2000,1A2G,Natural gas,NA,NA,NA,NA,NA
Philippines,2000,1A2G,Oil,NA,NA,NA,NA,NA
Philippines,2000,1A2H,Coal,NA,NA,NA,NA,NA
Philippines,2000,1A2H,Natural gas,NA,NA,NA,NA,NA
Philippines,2000,1A2H,Oil,NA,NA,NA,NA,NA
Philippines,2000,1A2I,Coal,NA,NA,NA,NA,NA
Philippines,2000,1A2I,Natural gas,NA,NA,NA,NA,NA
Philippines,2000,1A2I,Oil,NA,NA,NA,NA,NA
Philippines,2000,1A2J,Coal,NA,NA,NA,NA,NA
Philippines,2000,1A2J,Natural gas,NA,NA,NA,NA,NA
Philippines,2000,1A2J,Oil,NA,NA,NA,NA,NA
Philippines,2000,1A2K,Coal,NA,NA,NA,NA,NA
Philippines,2000,1A2K,Natural gas,NA,NA,NA,NA,NA
Philippines,2000,1A2K,Oil,NA,NA,NA,NA,NA
Philippines,2000,1A2L,Coal,NA,NA,NA,NA,NA
Philippines,2000,1A2L,Natural gas,NA,NA,NA,NA,NA
Philippines,2000,1A2L,Oil,NA,NA,NA,NA,NA
Philippines,2000,1A2M,Coal,NA,NA,NA,NA,NA
Philippines,2000,1A2M,Natural gas,NA,NA,NA,NA,NA
Philippines,2000,1A2M,Oil,NA,NA,NA,NA,NA
Philippines,2000,1A3,Coal,NA,NA,NA,NA,NA
Philippines,2000,1A3,Natural gas,NA,NA,NA,NA,NA
Philippines,2000,1A3,Oil,NA,NA,NA,NA,NA
Philippines,2000,1A3A,Coal,NA,NA,NA,NA,NA
Philippines,2000,1A3A,Natural gas,NA,NA,NA,NA,NA
Philippines,2000,1A3A,Oil,NA,NA,NA,NA,NA
Philippines,2000,1A3A1,Coal,NA,NA,NA,NA,NA
Philippines,2000,1A3A1,Natural gas,NA,NA,NA,NA,NA
Philippines,2000,1A3A1,Oil,NA,NA,NA,NA,NA
Philippines,2000,1A3A2,Coal,NA,NA,NA,NA,NA
Philippines,2000,1A3A2,Natural gas,NA,NA,NA,NA,NA
Philippines,2000,1A3A2,Oil,NA,NA,NA,NA,NA
Philippines,2000,1A3B,Coal,NA,NA,NA,NA,NA
Philippines,2000,1A3B,Natural gas,NA,NA,NA,NA,NA
Philippines,2000,1A3B,Oil,NA,NA,NA,NA,NA
Philippines,2000,1A3C,Coal,NA,NA,NA,NA,NA
Philippines,2000,1A3C,Natural gas,NA,NA,NA,NA,NA
Philippines,2000,1A3C,Oil,NA,NA,NA,NA,NA
Philippines,2000,1A3D,Coal,NA,NA,NA,NA,NA
Philippines,2000,1A3D,Natural gas,NA,NA,NA,NA,NA
Philippines,2000,1A3D,Oil,NA,NA,NA,NA,NA
Philippines,2000,1A3D1,Coal,NA,NA,NA,NA,NA
Philippines,2000,1A3D1,Natural gas,NA,NA,NA,NA,NA
Philippines,2000,1A3D1,Oil,NA,NA,NA,NA,NA
Philippines,2000,1A3D2,Coal,NA,NA,NA,NA,NA
Philippines,2000,1A3D2,Natural gas,NA,NA,NA,NA,NA
Philippines,2000,1A3D2,Oil,NA,NA,NA,NA,NA
Philippines,2000,1A3E,Coal,NA,NA,NA,NA,NA
Philippines,2000,1A3E,Natural gas,NA,NA,NA,NA,NA
Philippines,2000,1A3E,Oil,NA,NA,NA,NA,NA
Philippines,2000,1A3E1,Coal,NA,NA,NA,NA,NA
Philippines,2000,1A3E1,Natural gas,NA,NA,NA,NA,NA
Philippines,2000,1A3E1,Oil,NA,NA,NA,NA,NA
Philippines,2000,1A4,Coal,NA,NA,NA,NA,NA
Philippines,2000,1A4,Natural gas,NA,NA,NA,NA,NA
Philippines,2000,1A4,Oil,NA,NA,NA,NA,NA
Philippines,2000,1A4A,Coal,NA,NA,NA,NA,NA
Philippines,2000,1A4A,Natural gas,NA,NA,NA,NA,NA
Philippines,2000,1A4A,Oil,NA,NA,NA,NA,NA
Philippines,2000,1A4B,Coal,NA,NA,NA,NA,NA
Philippines,2000,1A4B,Natural gas,NA,NA,NA,NA,NA
Philippines,2000,1A4B,Oil,NA,NA,NA,NA,NA
Philippines,2000,1A4C,Coal,NA,NA,NA,NA,NA
Philippines,2000,1A4C,Natural gas,NA,NA,NA,NA,NA
Philippines,2000,1A4C,Oil,NA,NA,NA,NA,NA
Philippines,2000,1A4C1,Coal,NA,NA,NA,NA,NA
Philippines,2000,1A4C1,Natural gas,NA,NA,NA,NA,NA
Philippines,2000,1A4C1,Oil,NA,NA,NA,NA,NA
Philippines,2000,1A4C2,Coal,NA,NA,NA,NA,NA
Philippines,2000,1A4C2,Natural gas,NA,NA,NA,NA,NA
Philippines,2000,1A4C2,Oil,NA,NA,NA,NA,NA
Philippines,2000,1A4C3,Coal,NA,NA,NA,NA,NA
Philippines,2000,1A4C3,Natural gas,NA,NA,NA,NA,NA
Philippines,2000,1A4C3,Oil,NA,NA,NA,NA,NA
Philippines,2000,1A5,Coal,NA,NA,NA,NA,NA
Philippines,2000,1A5,Natural gas,NA,NA,NA,NA,NA
Philippines,2000,1A5,Oil,NA,NA,NA,NA,NA
Philippines,2000,1A5A,Coal,NA,NA,NA,NA,NA
Philippines,2000,1A5A,Natural gas,NA,NA,NA,NA,NA
Philippines,2000,1A5A,Oil,NA,NA,NA,NA,NA
Philippines,2000,1A5B,Coal,NA,NA,NA,NA,NA
Philippines,2000,1A5B,Natural gas,NA,NA,NA,NA,NA
Philippines,2000,1A5B,Oil,NA,NA,NA,NA,NA
Philippines,2000,1A5C,Coal,NA,NA,NA,NA,NA
Philippines,2000,1A5C,Natural gas,NA,NA,NA,NA,NA
Philippines,2000,1A5C,Oil,NA,NA,NA,NA,NA
Philippines,2000,1B,NA,NA,NA,NA,NA,NA
Philippines,2000,1B1,NA,NA,NA,NA,NA,NA
Philippines,2000,1B1A,NA,NA,NA,NA,NA,NA
Philippines,2000,1B1A1,NA,NA,NA,NA,NA,NA
Philippines,2000,1B1A11,NA,NA,NA,NA,NA,NA
Philippines,2000,1B1A12,NA,NA,NA,NA,NA,NA
Philippines,2000,1B1A13,NA,NA,NA,NA,NA,NA
Philippines,2000,1B1A14,NA,NA,NA,NA,NA,NA
Philippines,2000,1B1A2,NA,NA,NA,NA,NA,NA
Philippines,2000,1B1A21,NA,NA,NA,NA,NA,NA
Philippines,2000,1B1A22,NA,NA,NA,NA,NA,NA
Philippines,2000,1B1B,NA,NA,NA,NA,NA,NA
Philippines,2000,1B2,NA,NA,NA,NA,NA,NA
Philippines,2000,1B2A,NA,NA,NA,NA,NA,NA
Philippines,2000,1B2A1,NA,NA,NA,NA,NA,NA
Philippines,2000,1B2A2,NA,NA,NA,NA,NA,NA
Philippines,2000,1B2A3,NA,NA,NA,NA,NA,NA
Philippines,2000,1B2A31,NA,NA,NA,NA,NA,NA
Philippines,2000,1B2A32,NA,NA,NA,NA,NA,NA
Philippines,2000,1B2A33,NA,NA,NA,NA,NA,NA
Philippines,2000,1B2A34,NA,NA,NA,NA,NA,NA
Philippines,2000,1B2A35,NA,NA,NA,NA,NA,NA
Philippines,2000,1B2A36,NA,NA,NA,NA,NA,NA
Philippines,2000,1B2B,NA,NA,NA,NA,NA,NA
Philippines,2000,1B2B1,NA,NA,NA,NA,NA,NA
Philippines,2000,1B2B2,NA,NA,NA,NA,NA,NA
Philippines,2000,1B2B3,NA,NA,NA,NA,NA,NA
Philippines,2000,1B2B31,NA,NA,NA,NA,NA,NA
Philippines,2000,1B2B32,NA,NA,NA,NA,NA,NA
Philippines,2000,1B2B33,NA,NA,NA,NA,NA,NA
Philippines,2000,1B2B34,NA,NA,NA,NA,NA,NA
Philippines,2000,1B2B35,NA,NA,NA,NA,NA,NA
Philippines,2000,1B2B36,NA,NA,NA,NA,NA,NA
Philippines,2000,1B3,NA,NA,NA,NA,NA,NA
Philippines,2000,1C,NA,NA,NA,NA,NA,NA
Philippines,2000,1C1,NA,NA,NA,NA,NA,NA
Philippines,2000,1C1A,NA,NA,NA,NA,NA,NA
Philippines,2000,1C1B,NA,NA,NA,NA,NA,NA
Philippines,2000,1C1C,NA,NA,NA,NA,NA,NA
Philippines,2000,1C2,NA,NA,NA,NA,NA,NA
Philippines,2000,1C2A,NA,NA,NA,NA,NA,NA
Philippines,2000,1C2B,NA,NA,NA,NA,NA,NA
Philippines,2000,1C3,NA,NA,NA,NA,NA,NA
Philippines,2000,2A,NA,NA,NA,NA,NA,NA
Philippines,2000,2A1,NA,NA,NA,NA,NA,NA
Philippines,2000,2A2,NA,NA,NA,NA,NA,NA
Philippines,2000,2A3,NA,NA,NA,NA,NA,NA
Philippines,2000,2A4,NA,NA,NA,NA,NA,NA
Philippines,2000,2A4A,NA,NA,NA,NA,NA,NA
Philippines,2000,2A4B,NA,NA,NA,NA,NA,NA
Philippines,2000,2A4C,NA,NA,NA,NA,NA,NA
Philippines,2000,2A4D,NA,NA,NA,NA,NA,NA
Philippines,2000,2B,NA,NA,NA,NA,NA,NA
Philippines,2000,2B1,NA,NA,NA,NA,NA,NA
Philippines,2000,2B10,NA,NA,NA,NA,NA,NA
Philippines,2000,2B2,NA,NA,NA,NA,NA,NA
Philippines,2000,2B3,NA,NA,NA,NA,NA,NA
Philippines,2000,2B4,NA,NA,NA,NA,NA,NA
Philippines,2000,2B5,NA,NA,NA,NA,NA,NA
Philippines,2000,2B6,NA,NA,NA,NA,NA,NA
Philippines,2000,2B7,NA,NA,NA,NA,NA,NA
Philippines,2000,2B8,NA,NA,NA,NA,NA,NA
Philippines,2000,2B8A,NA,NA,NA,NA,NA,NA
Philippines,2000,2B8B,NA,NA,NA,NA,NA,NA
Philippines,2000,2B8C,NA,NA,NA,NA,NA,NA
Philippines,2000,2B8D,NA,NA,NA,NA,NA,NA
Philippines,2000,2B8E,NA,NA,NA,NA,NA,NA
Philippines,2000,2B8F,NA,NA,NA,NA,NA,NA
Philippines,2000,2B9,NA,NA,NA,NA,NA,NA
Philippines,2000,2B9A,NA,NA,NA,NA,NA,NA
Philippines,2000,2B9B,NA,NA,NA,NA,NA,NA
Philippines,2000,2C,NA,NA,NA,NA,NA,NA
Philippines,2000,2C1,NA,NA,NA,NA,NA,NA
Philippines,2000,2C2,NA,NA,NA,NA,NA,NA
Philippines,2000,2C3,NA,NA,NA,NA,NA,NA
Philippines,2000,2C4,NA,NA,NA,NA,NA,NA
Philippines,2000,2C5,NA,NA,NA,NA,NA,NA
Philippines,2000,2C6,NA,NA,NA,NA,NA,NA
Philippines,2000,2C7,NA,NA,NA,NA,NA,NA
Philippines,2000,2D,NA,NA,NA,NA,NA,NA
Philippines,2000,2D1,NA,NA,NA,NA,NA,NA
Philippines,2000,2D2,NA,NA,NA,NA,NA,NA
Philippines,2000,2D3,NA,NA,NA,NA,NA,NA
Philippines,2000,2D4,NA,NA,NA,NA,NA,NA
Philippines,2000,2E,NA,NA,NA,NA,NA,NA
Philippines,2000,2E1,NA,NA,NA,NA,NA,NA
Philippines,2000,2E2,NA,NA,NA,NA,NA,NA
Philippines,2000,2E3,NA,NA,NA,NA,NA,NA
Philippines,2000,2E4,NA,NA,NA,NA,NA,NA
Philippines,2000,2E5,NA,NA,NA,NA,NA,NA
Philippines,2000,2F,NA,NA,NA,NA,NA,NA
Philippines,2000,2F1,NA,NA,NA,NA,NA,NA
Philippines,2000,2F2,NA,NA,NA,NA,NA,NA
Philippines,2000,2F3,NA,NA,NA,NA,NA,NA
Philippines,2000,2F4,NA,NA,NA,NA,NA,NA
Philippines,2000,2F5,NA,NA,NA,NA,NA,NA
Philippines,2000,2F6,NA,NA,NA,NA,NA,NA
Philippines,2000,2G,NA,NA,NA,NA,NA,NA
Philippines,2000,2G1,NA,NA,NA,NA,NA,NA
Philippines,2000,2G2,NA,NA,NA,NA,NA,NA
Philippines,2000,2G3,NA,NA,NA,NA,NA,NA
Philippines,2000,2G4,NA,NA,NA,NA,NA,NA
Philippines,2000,2H,NA,NA,NA,NA,NA,NA
Philippines,2000,2H1,NA,NA,NA,NA,NA,NA
Philippines,2000,2H2,NA,NA,NA,NA,NA,NA
Philippines,2000,2H3,NA,NA,NA,NA,NA,NA
Philippines,2000,3A,NA,NA,NA,NA,NA,NA
Philippines,2000,3A1,NA,NA,NA,NA,NA,NA
Philippines,2000,3A2,NA,NA,NA,NA,NA,NA
Philippines,2000,3B,NA,NA,NA,NA,NA,NA
Philippines,2000,3B1,NA,NA,NA,NA,NA,NA
Philippines,2000,3B1A,NA,NA,NA,NA,NA,NA
Philippines,2000,3B1B,NA,NA,NA,NA,NA,NA
Philippines,2000,3B2,NA,NA,NA,NA,NA,NA
Philippines,2000,3B2A,NA,NA,NA,NA,NA,NA
Philippines,2000,3B2B,NA,NA,NA,NA,NA,NA
Philippines,2000,3B3,NA,NA,NA,NA,NA,NA
Philippines,2000,3B3A,NA,NA,NA,NA,NA,NA
Philippines,2000,3B3B,NA,NA,NA,NA,NA,NA
Philippines,2000,3B4,NA,NA,NA,NA,NA,NA
Philippines,2000,3B4A,NA,NA,NA,NA,NA,NA
Philippines,2000,3B4B,NA,NA,NA,NA,NA,NA
Philippines,2000,3B5,NA,NA,NA,NA,NA,NA
Philippines,2000,3B5A,NA,NA,NA,NA,NA,NA
Philippines,2000,3B5B,NA,NA,NA,NA,NA,NA
Philippines,2000,3B6,NA,NA,NA,NA,NA,NA
Philippines,2000,3B6A,NA,NA,NA,NA,NA,NA
Philippines,2000,3B6B,NA,NA,NA,NA,NA,NA
Philippines,2000,3B6B1,NA,NA,NA,NA,NA,NA
Philippines,2000,3B6B2,NA,NA,NA,NA,NA,NA
Philippines,2000,3B6B3,NA,NA,NA,NA,NA,NA
Philippines,2000,3B6B4,NA,NA,NA,NA,NA,NA
Philippines,2000,3B6B5,NA,NA,NA,NA,NA,NA
Philippines,2000,3C,NA,NA,NA,NA,NA,NA
Philippines,2000,3C1,NA,NA,NA,NA,NA,NA
Philippines,2000,3C2,NA,NA,NA,NA,NA,NA
Philippines,2000,3C3,NA,NA,NA,NA,NA,NA
Philippines,2000,3C4,NA,NA,NA,NA,NA,NA
Philippines,2000,3C5,NA,NA,NA,NA,NA,NA
Philippines,2000,3C6,NA,NA,NA,NA,NA,NA
Philippines,2000,3C7,NA,NA,NA,NA,NA,NA
Philippines,2000,3C8,NA,NA,NA,NA,NA,NA
Philippines,2000,3D,NA,NA,NA,NA,NA,NA
Philippines,2000,3D1,NA,NA,NA,NA,NA,NA
Philippines,2000,3D2,NA,NA,NA,NA,NA,NA
Philippines,2000,4A,NA,NA,NA,NA,NA,NA
Philippines,2000,4A1,NA,NA,NA,NA,NA,NA
Philippines,2000,4A2,NA,NA,NA,NA,NA,NA
Philippines,2000,4A3,NA,NA,NA,NA,NA,NA
Philippines,2000,4B,NA,NA,NA,NA,NA,NA
Philippines,2000,4C,NA,NA,NA,NA,NA,NA
Philippines,2000,4C1,NA,NA,NA,NA,NA,NA
Philippines,2000,4C2,NA,NA,NA,NA,NA,NA
Philippines,2000,4D,NA,NA,NA,NA,NA,NA
Philippines,2000,4D1,NA,NA,NA,NA,NA,NA
Philippines,2000,4D2,NA,NA,NA,NA,NA,NA
Philippines,2000,4E,NA,NA,NA,NA,NA,NA
Philippines,2000,5A,NA,NA,NA,NA,NA,NA
Philippines,2000,5A1,NA,NA,NA,NA,NA,NA
Philippines,2000,5A2,NA,NA,NA,NA,NA,NA
Philippines,2001,0,NA,NA,NA,NA,NA,NA
Philippines,2001,1,NA,NA,NA,NA,NA,NA
Philippines,2001,2,NA,NA,NA,NA,NA,NA
Philippines,2001,3,NA,NA,NA,NA,NA,NA
Philippines,2001,4,NA,NA,NA,NA,NA,NA
Philippines,2001,5,NA,NA,NA,NA,NA,NA
Philippines,2001,1A,Coal,NA,NA,NA,NA,NA
Philippines,2001,1A,Natural gas,NA,NA,NA,NA,NA
Philippines,2001,1A,Oil,NA,NA,NA,NA,NA
Philippines,2001,1A1,Coal,NA,NA,NA,NA,NA
Philippines,2001,1A1,Natural gas,NA,NA,NA,NA,NA
Philippines,2001,1A1,Oil,NA,NA,NA,NA,NA
Philippines,2001,1A1A,Coal,NA,NA,NA,NA,NA
Philippines,2001,1A1A,Natural gas,NA,NA,NA,NA,NA
Philippines,2001,1A1A,Oil,NA,NA,NA,NA,NA
Philippines,2001,1A1A1,Coal,NA,NA,NA,NA,NA
Philippines,2001,1A1A1,Natural gas,NA,NA,NA,NA,NA
Philippines,2001,1A1A1,Oil,NA,NA,NA,NA,NA
Philippines,2001,1A1A2,Coal,NA,NA,NA,NA,NA
Philippines,2001,1A1A2,Natural gas,NA,NA,NA,NA,NA
Philippines,2001,1A1A2,Oil,NA,NA,NA,NA,NA
Philippines,2001,1A1A3,Coal,NA,NA,NA,NA,NA
Philippines,2001,1A1A3,Natural gas,NA,NA,NA,NA,NA
Philippines,2001,1A1A3,Oil,NA,NA,NA,NA,NA
Philippines,2001,1A1B,Coal,NA,NA,NA,NA,NA
Philippines,2001,1A1B,Natural gas,NA,NA,NA,NA,NA
Philippines,2001,1A1B,Oil,NA,NA,NA,NA,NA
Philippines,2001,1A1C,Coal,NA,NA,NA,NA,NA
Philippines,2001,1A1C,Natural gas,NA,NA,NA,NA,NA
Philippines,2001,1A1C,Oil,NA,NA,NA,NA,NA
Philippines,2001,1A2,Coal,NA,NA,NA,NA,NA
Philippines,2001,1A2,Natural gas,NA,NA,NA,NA,NA
Philippines,2001,1A2,Oil,NA,NA,NA,NA,NA
Philippines,2001,1A2A,Coal,NA,NA,NA,NA,NA
Philippines,2001,1A2A,Natural gas,NA,NA,NA,NA,NA
Philippines,2001,1A2A,Oil,NA,NA,NA,NA,NA
Philippines,2001,1A2B,Coal,NA,NA,NA,NA,NA
Philippines,2001,1A2B,Natural gas,NA,NA,NA,NA,NA
Philippines,2001,1A2B,Oil,NA,NA,NA,NA,NA
Philippines,2001,1A2C,Coal,NA,NA,NA,NA,NA
Philippines,2001,1A2C,Natural gas,NA,NA,NA,NA,NA
Philippines,2001,1A2C,Oil,NA,NA,NA,NA,NA
Philippines,2001,1A2D,Coal,NA,NA,NA,NA,NA
Philippines,2001,1A2D,Natural gas,NA,NA,NA,NA,NA
Philippines,2001,1A2D,Oil,NA,NA,NA,NA,NA
Philippines,2001,1A2E,Coal,NA,NA,NA,NA,NA
Philippines,2001,1A2E,Natural gas,NA,NA,NA,NA,NA
Philippines,2001,1A2E,Oil,NA,NA,NA,NA,NA
Philippines,2001,1A2F,Coal,NA,NA,NA,NA,NA
Philippines,2001,1A2F,Natural gas,NA,NA,NA,NA,NA
Philippines,2001,1A2F,Oil,NA,NA,NA,NA,NA
Philippines,2001,1A2G,Coal,NA,NA,NA,NA,NA
Philippines,2001,1A2G,Natural gas,NA,NA,NA,NA,NA
Philippines,2001,1A2G,Oil,NA,NA,NA,NA,NA
Philippines,2001,1A2H,Coal,NA,NA,NA,NA,NA
Philippines,2001,1A2H,Natural gas,NA,NA,NA,NA,NA
Philippines,2001,1A2H,Oil,NA,NA,NA,NA,NA
Philippines,2001,1A2I,Coal,NA,NA,NA,NA,NA
Philippines,2001,1A2I,Natural gas,NA,NA,NA,NA,NA
Philippines,2001,1A2I,Oil,NA,NA,NA,NA,NA
Philippines,2001,1A2J,Coal,NA,NA,NA,NA,NA
Philippines,2001,1A2J,Natural gas,NA,NA,NA,NA,NA
Philippines,2001,1A2J,Oil,NA,NA,NA,NA,NA
Philippines,2001,1A2K,Coal,NA,NA,NA,NA,NA
Philippines,2001,1A2K,Natural gas,NA,NA,NA,NA,NA
Philippines,2001,1A2K,Oil,NA,NA,NA,NA,NA
Philippines,2001,1A2L,Coal,NA,NA,NA,NA,NA
Philippines,2001,1A2L,Natural gas,NA,NA,NA,NA,NA
Philippines,2001,1A2L,Oil,NA,NA,NA,NA,NA
Philippines,2001,1A2M,Coal,NA,NA,NA,NA,NA
Philippines,2001,1A2M,Natural gas,NA,NA,NA,NA,NA
Philippines,2001,1A2M,Oil,NA,NA,NA,NA,NA
Philippines,2001,1A3,Coal,NA,NA,NA,NA,NA
Philippines,2001,1A3,Natural gas,NA,NA,NA,NA,NA
Philippines,2001,1A3,Oil,NA,NA,NA,NA,NA
Philippines,2001,1A3A,Coal,NA,NA,NA,NA,NA
Philippines,2001,1A3A,Natural gas,NA,NA,NA,NA,NA
Philippines,2001,1A3A,Oil,NA,NA,NA,NA,NA
Philippines,2001,1A3A1,Coal,NA,NA,NA,NA,NA
Philippines,2001,1A3A1,Natural gas,NA,NA,NA,NA,NA
Philippines,2001,1A3A1,Oil,NA,NA,NA,NA,NA
Philippines,2001,1A3A2,Coal,NA,NA,NA,NA,NA
Philippines,2001,1A3A2,Natural gas,NA,NA,NA,NA,NA
Philippines,2001,1A3A2,Oil,NA,NA,NA,NA,NA
Philippines,2001,1A3B,Coal,NA,NA,NA,NA,NA
Philippines,2001,1A3B,Natural gas,NA,NA,NA,NA,NA
Philippines,2001,1A3B,Oil,NA,NA,NA,NA,NA
Philippines,2001,1A3C,Coal,NA,NA,NA,NA,NA
Philippines,2001,1A3C,Natural gas,NA,NA,NA,NA,NA
Philippines,2001,1A3C,Oil,NA,NA,NA,NA,NA
Philippines,2001,1A3D,Coal,NA,NA,NA,NA,NA
Philippines,2001,1A3D,Natural gas,NA,NA,NA,NA,NA
Philippines,2001,1A3D,Oil,NA,NA,NA,NA,NA
Philippines,2001,1A3D1,Coal,NA,NA,NA,NA,NA
Philippines,2001,1A3D1,Natural gas,NA,NA,NA,NA,NA
Philippines,2001,1A3D1,Oil,NA,NA,NA,NA,NA
Philippines,2001,1A3D2,Coal,NA,NA,NA,NA,NA
Philippines,2001,1A3D2,Natural gas,NA,NA,NA,NA,NA
Philippines,2001,1A3D2,Oil,NA,NA,NA,NA,NA
Philippines,2001,1A3E,Coal,NA,NA,NA,NA,NA
Philippines,2001,1A3E,Natural gas,NA,NA,NA,NA,NA
Philippines,2001,1A3E,Oil,NA,NA,NA,NA,NA
Philippines,2001,1A3E1,Coal,NA,NA,NA,NA,NA
Philippines,2001,1A3E1,Natural gas,NA,NA,NA,NA,NA
Philippines,2001,1A3E1,Oil,NA,NA,NA,NA,NA
Philippines,2001,1A4,Coal,NA,NA,NA,NA,NA
Philippines,2001,1A4,Natural gas,NA,NA,NA,NA,NA
Philippines,2001,1A4,Oil,NA,NA,NA,NA,NA
Philippines,2001,1A4A,Coal,NA,NA,NA,NA,NA
Philippines,2001,1A4A,Natural gas,NA,NA,NA,NA,NA
Philippines,2001,1A4A,Oil,NA,NA,NA,NA,NA
Philippines,2001,1A4B,Coal,NA,NA,NA,NA,NA
Philippines,2001,1A4B,Natural gas,NA,NA,NA,NA,NA
Philippines,2001,1A4B,Oil,NA,NA,NA,NA,NA
Philippines,2001,1A4C,Coal,NA,NA,NA,NA,NA
Philippines,2001,1A4C,Natural gas,NA,NA,NA,NA,NA
Philippines,2001,1A4C,Oil,NA,NA,NA,NA,NA
Philippines,2001,1A4C1,Coal,NA,NA,NA,NA,NA
Philippines,2001,1A4C1,Natural gas,NA,NA,NA,NA,NA
Philippines,2001,1A4C1,Oil,NA,NA,NA,NA,NA
Philippines,2001,1A4C2,Coal,NA,NA,NA,NA,NA
Philippines,2001,1A4C2,Natural gas,NA,NA,NA,NA,NA
Philippines,2001,1A4C2,Oil,NA,NA,NA,NA,NA
Philippines,2001,1A4C3,Coal,NA,NA,NA,NA,NA
Philippines,2001,1A4C3,Natural gas,NA,NA,NA,NA,NA
Philippines,2001,1A4C3,Oil,NA,NA,NA,NA,NA
Philippines,2001,1A5,Coal,NA,NA,NA,NA,NA
Philippines,2001,1A5,Natural gas,NA,NA,NA,NA,NA
Philippines,2001,1A5,Oil,NA,NA,NA,NA,NA
Philippines,2001,1A5A,Coal,NA,NA,NA,NA,NA
Philippines,2001,1A5A,Natural gas,NA,NA,NA,NA,NA
Philippines,2001,1A5A,Oil,NA,NA,NA,NA,NA
Philippines,2001,1A5B,Coal,NA,NA,NA,NA,NA
Philippines,2001,1A5B,Natural gas,NA,NA,NA,NA,NA
Philippines,2001,1A5B,Oil,NA,NA,NA,NA,NA
Philippines,2001,1A5C,Coal,NA,NA,NA,NA,NA
Philippines,2001,1A5C,Natural gas,NA,NA,NA,NA,NA
Philippines,2001,1A5C,Oil,NA,NA,NA,NA,NA
Philippines,2001,1B,NA,NA,NA,NA,NA,NA
Philippines,2001,1B1,NA,NA,NA,NA,NA,NA
Philippines,2001,1B1A,NA,NA,NA,NA,NA,NA
Philippines,2001,1B1A1,NA,NA,NA,NA,NA,NA
Philippines,2001,1B1A11,NA,NA,NA,NA,NA,NA
Philippines,2001,1B1A12,NA,NA,NA,NA,NA,NA
Philippines,2001,1B1A13,NA,NA,NA,NA,NA,NA
Philippines,2001,1B1A14,NA,NA,NA,NA,NA,NA
Philippines,2001,1B1A2,NA,NA,NA,NA,NA,NA
Philippines,2001,1B1A21,NA,NA,NA,NA,NA,NA
Philippines,2001,1B1A22,NA,NA,NA,NA,NA,NA
Philippines,2001,1B1B,NA,NA,NA,NA,NA,NA
Philippines,2001,1B2,NA,NA,NA,NA,NA,NA
Philippines,2001,1B2A,NA,NA,NA,NA,NA,NA
Philippines,2001,1B2A1,NA,NA,NA,NA,NA,NA
Philippines,2001,1B2A2,NA,NA,NA,NA,NA,NA
Philippines,2001,1B2A3,NA,NA,NA,NA,NA,NA
Philippines,2001,1B2A31,NA,NA,NA,NA,NA,NA
Philippines,2001,1B2A32,NA,NA,NA,NA,NA,NA
Philippines,2001,1B2A33,NA,NA,NA,NA,NA,NA
Philippines,2001,1B2A34,NA,NA,NA,NA,NA,NA
Philippines,2001,1B2A35,NA,NA,NA,NA,NA,NA
Philippines,2001,1B2A36,NA,NA,NA,NA,NA,NA
Philippines,2001,1B2B,NA,NA,NA,NA,NA,NA
Philippines,2001,1B2B1,NA,NA,NA,NA,NA,NA
Philippines,2001,1B2B2,NA,NA,NA,NA,NA,NA
Philippines,2001,1B2B3,NA,NA,NA,NA,NA,NA
Philippines,2001,1B2B31,NA,NA,NA,NA,NA,NA
Philippines,2001,1B2B32,NA,NA,NA,NA,NA,NA
Philippines,2001,1B2B33,NA,NA,NA,NA,NA,NA
Philippines,2001,1B2B34,NA,NA,NA,NA,NA,NA
Philippines,2001,1B2B35,NA,NA,NA,NA,NA,NA
Philippines,2001,1B2B36,NA,NA,NA,NA,NA,NA
Philippines,2001,1B3,NA,NA,NA,NA,NA,NA
Philippines,2001,1C,NA,NA,NA,NA,NA,NA
Philippines,2001,1C1,NA,NA,NA,NA,NA,NA
Philippines,2001,1C1A,NA,NA,NA,NA,NA,NA
Philippines,2001,1C1B,NA,NA,NA,NA,NA,NA
Philippines,2001,1C1C,NA,NA,NA,NA,NA,NA
Philippines,2001,1C2,NA,NA,NA,NA,NA,NA
Philippines,2001,1C2A,NA,NA,NA,NA,NA,NA
Philippines,2001,1C2B,NA,NA,NA,NA,NA,NA
Philippines,2001,1C3,NA,NA,NA,NA,NA,NA
Philippines,2001,2A,NA,NA,NA,NA,NA,NA
Philippines,2001,2A1,NA,NA,NA,NA,NA,NA
Philippines,2001,2A2,NA,NA,NA,NA,NA,NA
Philippines,2001,2A3,NA,NA,NA,NA,NA,NA
Philippines,2001,2A4,NA,NA,NA,NA,NA,NA
Philippines,2001,2A4A,NA,NA,NA,NA,NA,NA
Philippines,2001,2A4B,NA,NA,NA,NA,NA,NA
Philippines,2001,2A4C,NA,NA,NA,NA,NA,NA
Philippines,2001,2A4D,NA,NA,NA,NA,NA,NA
Philippines,2001,2B,NA,NA,NA,NA,NA,NA
Philippines,2001,2B1,NA,NA,NA,NA,NA,NA
Philippines,2001,2B10,NA,NA,NA,NA,NA,NA
Philippines,2001,2B2,NA,NA,NA,NA,NA,NA
Philippines,2001,2B3,NA,NA,NA,NA,NA,NA
Philippines,2001,2B4,NA,NA,NA,NA,NA,NA
Philippines,2001,2B5,NA,NA,NA,NA,NA,NA
Philippines,2001,2B6,NA,NA,NA,NA,NA,NA
Philippines,2001,2B7,NA,NA,NA,NA,NA,NA
Philippines,2001,2B8,NA,NA,NA,NA,NA,NA
Philippines,2001,2B8A,NA,NA,NA,NA,NA,NA
Philippines,2001,2B8B,NA,NA,NA,NA,NA,NA
Philippines,2001,2B8C,NA,NA,NA,NA,NA,NA
Philippines,2001,2B8D,NA,NA,NA,NA,NA,NA
Philippines,2001,2B8E,NA,NA,NA,NA,NA,NA
Philippines,2001,2B8F,NA,NA,NA,NA,NA,NA
Philippines,2001,2B9,NA,NA,NA,NA,NA,NA
Philippines,2001,2B9A,NA,NA,NA,NA,NA,NA
Philippines,2001,2B9B,NA,NA,NA,NA,NA,NA
Philippines,2001,2C,NA,NA,NA,NA,NA,NA
Philippines,2001,2C1,NA,NA,NA,NA,NA,NA
Philippines,2001,2C2,NA,NA,NA,NA,NA,NA
Philippines,2001,2C3,NA,NA,NA,NA,NA,NA
Philippines,2001,2C4,NA,NA,NA,NA,NA,NA
Philippines,2001,2C5,NA,NA,NA,NA,NA,NA
Philippines,2001,2C6,NA,NA,NA,NA,NA,NA
Philippines,2001,2C7,NA,NA,NA,NA,NA,NA
Philippines,2001,2D,NA,NA,NA,NA,NA,NA
Philippines,2001,2D1,NA,NA,NA,NA,NA,NA
Philippines,2001,2D2,NA,NA,NA,NA,NA,NA
Philippines,2001,2D3,NA,NA,NA,NA,NA,NA
Philippines,2001,2D4,NA,NA,NA,NA,NA,NA
Philippines,2001,2E,NA,NA,NA,NA,NA,NA
Philippines,2001,2E1,NA,NA,NA,NA,NA,NA
Philippines,2001,2E2,NA,NA,NA,NA,NA,NA
Philippines,2001,2E3,NA,NA,NA,NA,NA,NA
Philippines,2001,2E4,NA,NA,NA,NA,NA,NA
Philippines,2001,2E5,NA,NA,NA,NA,NA,NA
Philippines,2001,2F,NA,NA,NA,NA,NA,NA
Philippines,2001,2F1,NA,NA,NA,NA,NA,NA
Philippines,2001,2F2,NA,NA,NA,NA,NA,NA
Philippines,2001,2F3,NA,NA,NA,NA,NA,NA
Philippines,2001,2F4,NA,NA,NA,NA,NA,NA
Philippines,2001,2F5,NA,NA,NA,NA,NA,NA
Philippines,2001,2F6,NA,NA,NA,NA,NA,NA
Philippines,2001,2G,NA,NA,NA,NA,NA,NA
Philippines,2001,2G1,NA,NA,NA,NA,NA,NA
Philippines,2001,2G2,NA,NA,NA,NA,NA,NA
Philippines,2001,2G3,NA,NA,NA,NA,NA,NA
Philippines,2001,2G4,NA,NA,NA,NA,NA,NA
Philippines,2001,2H,NA,NA,NA,NA,NA,NA
Philippines,2001,2H1,NA,NA,NA,NA,NA,NA
Philippines,2001,2H2,NA,NA,NA,NA,NA,NA
Philippines,2001,2H3,NA,NA,NA,NA,NA,NA
Philippines,2001,3A,NA,NA,NA,NA,NA,NA
Philippines,2001,3A1,NA,NA,NA,NA,NA,NA
Philippines,2001,3A2,NA,NA,NA,NA,NA,NA
Philippines,2001,3B,NA,NA,NA,NA,NA,NA
Philippines,2001,3B1,NA,NA,NA,NA,NA,NA
Philippines,2001,3B1A,NA,NA,NA,NA,NA,NA
Philippines,2001,3B1B,NA,NA,NA,NA,NA,NA
Philippines,2001,3B2,NA,NA,NA,NA,NA,NA
Philippines,2001,3B2A,NA,NA,NA,NA,NA,NA
Philippines,2001,3B2B,NA,NA,NA,NA,NA,NA
Philippines,2001,3B3,NA,NA,NA,NA,NA,NA
Philippines,2001,3B3A,NA,NA,NA,NA,NA,NA
Philippines,2001,3B3B,NA,NA,NA,NA,NA,NA
Philippines,2001,3B4,NA,NA,NA,NA,NA,NA
Philippines,2001,3B4A,NA,NA,NA,NA,NA,NA
Philippines,2001,3B4B,NA,NA,NA,NA,NA,NA
Philippines,2001,3B5,NA,NA,NA,NA,NA,NA
Philippines,2001,3B5A,NA,NA,NA,NA,NA,NA
Philippines,2001,3B5B,NA,NA,NA,NA,NA,NA
Philippines,2001,3B6,NA,NA,NA,NA,NA,NA
Philippines,2001,3B6A,NA,NA,NA,NA,NA,NA
Philippines,2001,3B6B,NA,NA,NA,NA,NA,NA
Philippines,2001,3B6B1,NA,NA,NA,NA,NA,NA
Philippines,2001,3B6B2,NA,NA,NA,NA,NA,NA
Philippines,2001,3B6B3,NA,NA,NA,NA,NA,NA
Philippines,2001,3B6B4,NA,NA,NA,NA,NA,NA
Philippines,2001,3B6B5,NA,NA,NA,NA,NA,NA
Philippines,2001,3C,NA,NA,NA,NA,NA,NA
Philippines,2001,3C1,NA,NA,NA,NA,NA,NA
Philippines,2001,3C2,NA,NA,NA,NA,NA,NA
Philippines,2001,3C3,NA,NA,NA,NA,NA,NA
Philippines,2001,3C4,NA,NA,NA,NA,NA,NA
Philippines,2001,3C5,NA,NA,NA,NA,NA,NA
Philippines,2001,3C6,NA,NA,NA,NA,NA,NA
Philippines,2001,3C7,NA,NA,NA,NA,NA,NA
Philippines,2001,3C8,NA,NA,NA,NA,NA,NA
Philippines,2001,3D,NA,NA,NA,NA,NA,NA
Philippines,2001,3D1,NA,NA,NA,NA,NA,NA
Philippines,2001,3D2,NA,NA,NA,NA,NA,NA
Philippines,2001,4A,NA,NA,NA,NA,NA,NA
Philippines,2001,4A1,NA,NA,NA,NA,NA,NA
Philippines,2001,4A2,NA,NA,NA,NA,NA,NA
Philippines,2001,4A3,NA,NA,NA,NA,NA,NA
Philippines,2001,4B,NA,NA,NA,NA,NA,NA
Philippines,2001,4C,NA,NA,NA,NA,NA,NA
Philippines,2001,4C1,NA,NA,NA,NA,NA,NA
Philippines,2001,4C2,NA,NA,NA,NA,NA,NA
Philippines,2001,4D,NA,NA,NA,NA,NA,NA
Philippines,2001,4D1,NA,NA,NA,NA,NA,NA
Philippines,2001,4D2,NA,NA,NA,NA,NA,NA
Philippines,2001,4E,NA,NA,NA,NA,NA,NA
Philippines,2001,5A,NA,NA,NA,NA,NA,NA
Philippines,2001,5A1,NA,NA,NA,NA,NA,NA
Philippines,2001,5A2,NA,NA,NA,NA,NA,NA
Philippines,2002,0,NA,NA,NA,NA,NA,NA
Philippines,2002,1,NA,NA,NA,NA,NA,NA
Philippines,2002,2,NA,NA,NA,NA,NA,NA
Philippines,2002,3,NA,NA,NA,NA,NA,NA
Philippines,2002,4,NA,NA,NA,NA,NA,NA
Philippines,2002,5,NA,NA,NA,NA,NA,NA
Philippines,2002,1A,Coal,NA,NA,NA,NA,NA
Philippines,2002,1A,Natural gas,NA,NA,NA,NA,NA
Philippines,2002,1A,Oil,NA,NA,NA,NA,NA
Philippines,2002,1A1,Coal,NA,NA,NA,NA,NA
Philippines,2002,1A1,Natural gas,NA,NA,NA,NA,NA
Philippines,2002,1A1,Oil,NA,NA,NA,NA,NA
Philippines,2002,1A1A,Coal,NA,NA,NA,NA,NA
Philippines,2002,1A1A,Natural gas,NA,NA,NA,NA,NA
Philippines,2002,1A1A,Oil,NA,NA,NA,NA,NA
Philippines,2002,1A1A1,Coal,NA,NA,NA,NA,NA
Philippines,2002,1A1A1,Natural gas,NA,NA,NA,NA,NA
Philippines,2002,1A1A1,Oil,NA,NA,NA,NA,NA
Philippines,2002,1A1A2,Coal,NA,NA,NA,NA,NA
Philippines,2002,1A1A2,Natural gas,NA,NA,NA,NA,NA
Philippines,2002,1A1A2,Oil,NA,NA,NA,NA,NA
Philippines,2002,1A1A3,Coal,NA,NA,NA,NA,NA
Philippines,2002,1A1A3,Natural gas,NA,NA,NA,NA,NA
Philippines,2002,1A1A3,Oil,NA,NA,NA,NA,NA
Philippines,2002,1A1B,Coal,NA,NA,NA,NA,NA
Philippines,2002,1A1B,Natural gas,NA,NA,NA,NA,NA
Philippines,2002,1A1B,Oil,NA,NA,NA,NA,NA
Philippines,2002,1A1C,Coal,NA,NA,NA,NA,NA
Philippines,2002,1A1C,Natural gas,NA,NA,NA,NA,NA
Philippines,2002,1A1C,Oil,NA,NA,NA,NA,NA
Philippines,2002,1A2,Coal,NA,NA,NA,NA,NA
Philippines,2002,1A2,Natural gas,NA,NA,NA,NA,NA
Philippines,2002,1A2,Oil,NA,NA,NA,NA,NA
Philippines,2002,1A2A,Coal,NA,NA,NA,NA,NA
Philippines,2002,1A2A,Natural gas,NA,NA,NA,NA,NA
Philippines,2002,1A2A,Oil,NA,NA,NA,NA,NA
Philippines,2002,1A2B,Coal,NA,NA,NA,NA,NA
Philippines,2002,1A2B,Natural gas,NA,NA,NA,NA,NA
Philippines,2002,1A2B,Oil,NA,NA,NA,NA,NA
Philippines,2002,1A2C,Coal,NA,NA,NA,NA,NA
Philippines,2002,1A2C,Natural gas,NA,NA,NA,NA,NA
Philippines,2002,1A2C,Oil,NA,NA,NA,NA,NA
Philippines,2002,1A2D,Coal,NA,NA,NA,NA,NA
Philippines,2002,1A2D,Natural gas,NA,NA,NA,NA,NA
Philippines,2002,1A2D,Oil,NA,NA,NA,NA,NA
Philippines,2002,1A2E,Coal,NA,NA,NA,NA,NA
Philippines,2002,1A2E,Natural gas,NA,NA,NA,NA,NA
Philippines,2002,1A2E,Oil,NA,NA,NA,NA,NA
Philippines,2002,1A2F,Coal,NA,NA,NA,NA,NA
Philippines,2002,1A2F,Natural gas,NA,NA,NA,NA,NA
Philippines,2002,1A2F,Oil,NA,NA,NA,NA,NA
Philippines,2002,1A2G,Coal,NA,NA,NA,NA,NA
Philippines,2002,1A2G,Natural gas,NA,NA,NA,NA,NA
Philippines,2002,1A2G,Oil,NA,NA,NA,NA,NA
Philippines,2002,1A2H,Coal,NA,NA,NA,NA,NA
Philippines,2002,1A2H,Natural gas,NA,NA,NA,NA,NA
Philippines,2002,1A2H,Oil,NA,NA,NA,NA,NA
Philippines,2002,1A2I,Coal,NA,NA,NA,NA,NA
Philippines,2002,1A2I,Natural gas,NA,NA,NA,NA,NA
Philippines,2002,1A2I,Oil,NA,NA,NA,NA,NA
Philippines,2002,1A2J,Coal,NA,NA,NA,NA,NA
Philippines,2002,1A2J,Natural gas,NA,NA,NA,NA,NA
Philippines,2002,1A2J,Oil,NA,NA,NA,NA,NA
Philippines,2002,1A2K,Coal,NA,NA,NA,NA,NA
Philippines,2002,1A2K,Natural gas,NA,NA,NA,NA,NA
Philippines,2002,1A2K,Oil,NA,NA,NA,NA,NA
Philippines,2002,1A2L,Coal,NA,NA,NA,NA,NA
Philippines,2002,1A2L,Natural gas,NA,NA,NA,NA,NA
Philippines,2002,1A2L,Oil,NA,NA,NA,NA,NA
Philippines,2002,1A2M,Coal,NA,NA,NA,NA,NA
Philippines,2002,1A2M,Natural gas,NA,NA,NA,NA,NA
Philippines,2002,1A2M,Oil,NA,NA,NA,NA,NA
Philippines,2002,1A3,Coal,NA,NA,NA,NA,NA
Philippines,2002,1A3,Natural gas,NA,NA,NA,NA,NA
Philippines,2002,1A3,Oil,NA,NA,NA,NA,NA
Philippines,2002,1A3A,Coal,NA,NA,NA,NA,NA
Philippines,2002,1A3A,Natural gas,NA,NA,NA,NA,NA
Philippines,2002,1A3A,Oil,NA,NA,NA,NA,NA
Philippines,2002,1A3A1,Coal,NA,NA,NA,NA,NA
Philippines,2002,1A3A1,Natural gas,NA,NA,NA,NA,NA
Philippines,2002,1A3A1,Oil,NA,NA,NA,NA,NA
Philippines,2002,1A3A2,Coal,NA,NA,NA,NA,NA
Philippines,2002,1A3A2,Natural gas,NA,NA,NA,NA,NA
Philippines,2002,1A3A2,Oil,NA,NA,NA,NA,NA
Philippines,2002,1A3B,Coal,NA,NA,NA,NA,NA
Philippines,2002,1A3B,Natural gas,NA,NA,NA,NA,NA
Philippines,2002,1A3B,Oil,NA,NA,NA,NA,NA
Philippines,2002,1A3C,Coal,NA,NA,NA,NA,NA
Philippines,2002,1A3C,Natural gas,NA,NA,NA,NA,NA
Philippines,2002,1A3C,Oil,NA,NA,NA,NA,NA
Philippines,2002,1A3D,Coal,NA,NA,NA,NA,NA
Philippines,2002,1A3D,Natural gas,NA,NA,NA,NA,NA
Philippines,2002,1A3D,Oil,NA,NA,NA,NA,NA
Philippines,2002,1A3D1,Coal,NA,NA,NA,NA,NA
Philippines,2002,1A3D1,Natural gas,NA,NA,NA,NA,NA
Philippines,2002,1A3D1,Oil,NA,NA,NA,NA,NA
Philippines,2002,1A3D2,Coal,NA,NA,NA,NA,NA
Philippines,2002,1A3D2,Natural gas,NA,NA,NA,NA,NA
Philippines,2002,1A3D2,Oil,NA,NA,NA,NA,NA
Philippines,2002,1A3E,Coal,NA,NA,NA,NA,NA
Philippines,2002,1A3E,Natural gas,NA,NA,NA,NA,NA
Philippines,2002,1A3E,Oil,NA,NA,NA,NA,NA
Philippines,2002,1A3E1,Coal,NA,NA,NA,NA,NA
Philippines,2002,1A3E1,Natural gas,NA,NA,NA,NA,NA
Philippines,2002,1A3E1,Oil,NA,NA,NA,NA,NA
Philippines,2002,1A4,Coal,NA,NA,NA,NA,NA
Philippines,2002,1A4,Natural gas,NA,NA,NA,NA,NA
Philippines,2002,1A4,Oil,NA,NA,NA,NA,NA
Philippines,2002,1A4A,Coal,NA,NA,NA,NA,NA
Philippines,2002,1A4A,Natural gas,NA,NA,NA,NA,NA
Philippines,2002,1A4A,Oil,NA,NA,NA,NA,NA
Philippines,2002,1A4B,Coal,NA,NA,NA,NA,NA
Philippines,2002,1A4B,Natural gas,NA,NA,NA,NA,NA
Philippines,2002,1A4B,Oil,NA,NA,NA,NA,NA
Philippines,2002,1A4C,Coal,NA,NA,NA,NA,NA
Philippines,2002,1A4C,Natural gas,NA,NA,NA,NA,NA
Philippines,2002,1A4C,Oil,NA,NA,NA,NA,NA
Philippines,2002,1A4C1,Coal,NA,NA,NA,NA,NA
Philippines,2002,1A4C1,Natural gas,NA,NA,NA,NA,NA
Philippines,2002,1A4C1,Oil,NA,NA,NA,NA,NA
Philippines,2002,1A4C2,Coal,NA,NA,NA,NA,NA
Philippines,2002,1A4C2,Natural gas,NA,NA,NA,NA,NA
Philippines,2002,1A4C2,Oil,NA,NA,NA,NA,NA
Philippines,2002,1A4C3,Coal,NA,NA,NA,NA,NA
Philippines,2002,1A4C3,Natural gas,NA,NA,NA,NA,NA
Philippines,2002,1A4C3,Oil,NA,NA,NA,NA,NA
Philippines,2002,1A5,Coal,NA,NA,NA,NA,NA
Philippines,2002,1A5,Natural gas,NA,NA,NA,NA,NA
Philippines,2002,1A5,Oil,NA,NA,NA,NA,NA
Philippines,2002,1A5A,Coal,NA,NA,NA,NA,NA
Philippines,2002,1A5A,Natural gas,NA,NA,NA,NA,NA
Philippines,2002,1A5A,Oil,NA,NA,NA,NA,NA
Philippines,2002,1A5B,Coal,NA,NA,NA,NA,NA
Philippines,2002,1A5B,Natural gas,NA,NA,NA,NA,NA
Philippines,2002,1A5B,Oil,NA,NA,NA,NA,NA
Philippines,2002,1A5C,Coal,NA,NA,NA,NA,NA
Philippines,2002,1A5C,Natural gas,NA,NA,NA,NA,NA
Philippines,2002,1A5C,Oil,NA,NA,NA,NA,NA
Philippines,2002,1B,NA,NA,NA,NA,NA,NA
Philippines,2002,1B1,NA,NA,NA,NA,NA,NA
Philippines,2002,1B1A,NA,NA,NA,NA,NA,NA
Philippines,2002,1B1A1,NA,NA,NA,NA,NA,NA
Philippines,2002,1B1A11,NA,NA,NA,NA,NA,NA
Philippines,2002,1B1A12,NA,NA,NA,NA,NA,NA
Philippines,2002,1B1A13,NA,NA,NA,NA,NA,NA
Philippines,2002,1B1A14,NA,NA,NA,NA,NA,NA
Philippines,2002,1B1A2,NA,NA,NA,NA,NA,NA
Philippines,2002,1B1A21,NA,NA,NA,NA,NA,NA
Philippines,2002,1B1A22,NA,NA,NA,NA,NA,NA
Philippines,2002,1B1B,NA,NA,NA,NA,NA,NA
Philippines,2002,1B2,NA,NA,NA,NA,NA,NA
Philippines,2002,1B2A,NA,NA,NA,NA,NA,NA
Philippines,2002,1B2A1,NA,NA,NA,NA,NA,NA
Philippines,2002,1B2A2,NA,NA,NA,NA,NA,NA
Philippines,2002,1B2A3,NA,NA,NA,NA,NA,NA
Philippines,2002,1B2A31,NA,NA,NA,NA,NA,NA
Philippines,2002,1B2A32,NA,NA,NA,NA,NA,NA
Philippines,2002,1B2A33,NA,NA,NA,NA,NA,NA
Philippines,2002,1B2A34,NA,NA,NA,NA,NA,NA
Philippines,2002,1B2A35,NA,NA,NA,NA,NA,NA
Philippines,2002,1B2A36,NA,NA,NA,NA,NA,NA
Philippines,2002,1B2B,NA,NA,NA,NA,NA,NA
Philippines,2002,1B2B1,NA,NA,NA,NA,NA,NA
Philippines,2002,1B2B2,NA,NA,NA,NA,NA,NA
Philippines,2002,1B2B3,NA,NA,NA,NA,NA,NA
Philippines,2002,1B2B31,NA,NA,NA,NA,NA,NA
Philippines,2002,1B2B32,NA,NA,NA,NA,NA,NA
Philippines,2002,1B2B33,NA,NA,NA,NA,NA,NA
Philippines,2002,1B2B34,NA,NA,NA,NA,NA,NA
Philippines,2002,1B2B35,NA,NA,NA,NA,NA,NA
Philippines,2002,1B2B36,NA,NA,NA,NA,NA,NA
Philippines,2002,1B3,NA,NA,NA,NA,NA,NA
Philippines,2002,1C,NA,NA,NA,NA,NA,NA
Philippines,2002,1C1,NA,NA,NA,NA,NA,NA
Philippines,2002,1C1A,NA,NA,NA,NA,NA,NA
Philippines,2002,1C1B,NA,NA,NA,NA,NA,NA
Philippines,2002,1C1C,NA,NA,NA,NA,NA,NA
Philippines,2002,1C2,NA,NA,NA,NA,NA,NA
Philippines,2002,1C2A,NA,NA,NA,NA,NA,NA
Philippines,2002,1C2B,NA,NA,NA,NA,NA,NA
Philippines,2002,1C3,NA,NA,NA,NA,NA,NA
Philippines,2002,2A,NA,NA,NA,NA,NA,NA
Philippines,2002,2A1,NA,NA,NA,NA,NA,NA
Philippines,2002,2A2,NA,NA,NA,NA,NA,NA
Philippines,2002,2A3,NA,NA,NA,NA,NA,NA
Philippines,2002,2A4,NA,NA,NA,NA,NA,NA
Philippines,2002,2A4A,NA,NA,NA,NA,NA,NA
Philippines,2002,2A4B,NA,NA,NA,NA,NA,NA
Philippines,2002,2A4C,NA,NA,NA,NA,NA,NA
Philippines,2002,2A4D,NA,NA,NA,NA,NA,NA
Philippines,2002,2B,NA,NA,NA,NA,NA,NA
Philippines,2002,2B1,NA,NA,NA,NA,NA,NA
Philippines,2002,2B10,NA,NA,NA,NA,NA,NA
Philippines,2002,2B2,NA,NA,NA,NA,NA,NA
Philippines,2002,2B3,NA,NA,NA,NA,NA,NA
Philippines,2002,2B4,NA,NA,NA,NA,NA,NA
Philippines,2002,2B5,NA,NA,NA,NA,NA,NA
Philippines,2002,2B6,NA,NA,NA,NA,NA,NA
Philippines,2002,2B7,NA,NA,NA,NA,NA,NA
Philippines,2002,2B8,NA,NA,NA,NA,NA,NA
Philippines,2002,2B8A,NA,NA,NA,NA,NA,NA
Philippines,2002,2B8B,NA,NA,NA,NA,NA,NA
Philippines,2002,2B8C,NA,NA,NA,NA,NA,NA
Philippines,2002,2B8D,NA,NA,NA,NA,NA,NA
Philippines,2002,2B8E,NA,NA,NA,NA,NA,NA
Philippines,2002,2B8F,NA,NA,NA,NA,NA,NA
Philippines,2002,2B9,NA,NA,NA,NA,NA,NA
Philippines,2002,2B9A,NA,NA,NA,NA,NA,NA
Philippines,2002,2B9B,NA,NA,NA,NA,NA,NA
Philippines,2002,2C,NA,NA,NA,NA,NA,NA
Philippines,2002,2C1,NA,NA,NA,NA,NA,NA
Philippines,2002,2C2,NA,NA,NA,NA,NA,NA
Philippines,2002,2C3,NA,NA,NA,NA,NA,NA
Philippines,2002,2C4,NA,NA,NA,NA,NA,NA
Philippines,2002,2C5,NA,NA,NA,NA,NA,NA
Philippines,2002,2C6,NA,NA,NA,NA,NA,NA
Philippines,2002,2C7,NA,NA,NA,NA,NA,NA
Philippines,2002,2D,NA,NA,NA,NA,NA,NA
Philippines,2002,2D1,NA,NA,NA,NA,NA,NA
Philippines,2002,2D2,NA,NA,NA,NA,NA,NA
Philippines,2002,2D3,NA,NA,NA,NA,NA,NA
Philippines,2002,2D4,NA,NA,NA,NA,NA,NA
Philippines,2002,2E,NA,NA,NA,NA,NA,NA
Philippines,2002,2E1,NA,NA,NA,NA,NA,NA
Philippines,2002,2E2,NA,NA,NA,NA,NA,NA
Philippines,2002,2E3,NA,NA,NA,NA,NA,NA
Philippines,2002,2E4,NA,NA,NA,NA,NA,NA
Philippines,2002,2E5,NA,NA,NA,NA,NA,NA
Philippines,2002,2F,NA,NA,NA,NA,NA,NA
Philippines,2002,2F1,NA,NA,NA,NA,NA,NA
Philippines,2002,2F2,NA,NA,NA,NA,NA,NA
Philippines,2002,2F3,NA,NA,NA,NA,NA,NA
Philippines,2002,2F4,NA,NA,NA,NA,NA,NA
Philippines,2002,2F5,NA,NA,NA,NA,NA,NA
Philippines,2002,2F6,NA,NA,NA,NA,NA,NA
Philippines,2002,2G,NA,NA,NA,NA,NA,NA
Philippines,2002,2G1,NA,NA,NA,NA,NA,NA
Philippines,2002,2G2,NA,NA,NA,NA,NA,NA
Philippines,2002,2G3,NA,NA,NA,NA,NA,NA
Philippines,2002,2G4,NA,NA,NA,NA,NA,NA
Philippines,2002,2H,NA,NA,NA,NA,NA,NA
Philippines,2002,2H1,NA,NA,NA,NA,NA,NA
Philippines,2002,2H2,NA,NA,NA,NA,NA,NA
Philippines,2002,2H3,NA,NA,NA,NA,NA,NA
Philippines,2002,3A,NA,NA,NA,NA,NA,NA
Philippines,2002,3A1,NA,NA,NA,NA,NA,NA
Philippines,2002,3A2,NA,NA,NA,NA,NA,NA
Philippines,2002,3B,NA,NA,NA,NA,NA,NA
Philippines,2002,3B1,NA,NA,NA,NA,NA,NA
Philippines,2002,3B1A,NA,NA,NA,NA,NA,NA
Philippines,2002,3B1B,NA,NA,NA,NA,NA,NA
Philippines,2002,3B2,NA,NA,NA,NA,NA,NA
Philippines,2002,3B2A,NA,NA,NA,NA,NA,NA
Philippines,2002,3B2B,NA,NA,NA,NA,NA,NA
Philippines,2002,3B3,NA,NA,NA,NA,NA,NA
Philippines,2002,3B3A,NA,NA,NA,NA,NA,NA
Philippines,2002,3B3B,NA,NA,NA,NA,NA,NA
Philippines,2002,3B4,NA,NA,NA,NA,NA,NA
Philippines,2002,3B4A,NA,NA,NA,NA,NA,NA
Philippines,2002,3B4B,NA,NA,NA,NA,NA,NA
Philippines,2002,3B5,NA,NA,NA,NA,NA,NA
Philippines,2002,3B5A,NA,NA,NA,NA,NA,NA
Philippines,2002,3B5B,NA,NA,NA,NA,NA,NA
Philippines,2002,3B6,NA,NA,NA,NA,NA,NA
Philippines,2002,3B6A,NA,NA,NA,NA,NA,NA
Philippines,2002,3B6B,NA,NA,NA,NA,NA,NA
Philippines,2002,3B6B1,NA,NA,NA,NA,NA,NA
Philippines,2002,3B6B2,NA,NA,NA,NA,NA,NA
Philippines,2002,3B6B3,NA,NA,NA,NA,NA,NA
Philippines,2002,3B6B4,NA,NA,NA,NA,NA,NA
Philippines,2002,3B6B5,NA,NA,NA,NA,NA,NA
Philippines,2002,3C,NA,NA,NA,NA,NA,NA
Philippines,2002,3C1,NA,NA,NA,NA,NA,NA
Philippines,2002,3C2,NA,NA,NA,NA,NA,NA
Philippines,2002,3C3,NA,NA,NA,NA,NA,NA
Philippines,2002,3C4,NA,NA,NA,NA,NA,NA
Philippines,2002,3C5,NA,NA,NA,NA,NA,NA
Philippines,2002,3C6,NA,NA,NA,NA,NA,NA
Philippines,2002,3C7,NA,NA,NA,NA,NA,NA
Philippines,2002,3C8,NA,NA,NA,NA,NA,NA
Philippines,2002,3D,NA,NA,NA,NA,NA,NA
Philippines,2002,3D1,NA,NA,NA,NA,NA,NA
Philippines,2002,3D2,NA,NA,NA,NA,NA,NA
Philippines,2002,4A,NA,NA,NA,NA,NA,NA
Philippines,2002,4A1,NA,NA,NA,NA,NA,NA
Philippines,2002,4A2,NA,NA,NA,NA,NA,NA
Philippines,2002,4A3,NA,NA,NA,NA,NA,NA
Philippines,2002,4B,NA,NA,NA,NA,NA,NA
Philippines,2002,4C,NA,NA,NA,NA,NA,NA
Philippines,2002,4C1,NA,NA,NA,NA,NA,NA
Philippines,2002,4C2,NA,NA,NA,NA,NA,NA
Philippines,2002,4D,NA,NA,NA,NA,NA,NA
Philippines,2002,4D1,NA,NA,NA,NA,NA,NA
Philippines,2002,4D2,NA,NA,NA,NA,NA,NA
Philippines,2002,4E,NA,NA,NA,NA,NA,NA
Philippines,2002,5A,NA,NA,NA,NA,NA,NA
Philippines,2002,5A1,NA,NA,NA,NA,NA,NA
Philippines,2002,5A2,NA,NA,NA,NA,NA,NA
Philippines,2003,0,NA,NA,NA,NA,NA,NA
Philippines,2003,1,NA,NA,NA,NA,NA,NA
Philippines,2003,2,NA,NA,NA,NA,NA,NA
Philippines,2003,3,NA,NA,NA,NA,NA,NA
Philippines,2003,4,NA,NA,NA,NA,NA,NA
Philippines,2003,5,NA,NA,NA,NA,NA,NA
Philippines,2003,1A,Coal,NA,NA,NA,NA,NA
Philippines,2003,1A,Natural gas,NA,NA,NA,NA,NA
Philippines,2003,1A,Oil,NA,NA,NA,NA,NA
Philippines,2003,1A1,Coal,NA,NA,NA,NA,NA
Philippines,2003,1A1,Natural gas,NA,NA,NA,NA,NA
Philippines,2003,1A1,Oil,NA,NA,NA,NA,NA
Philippines,2003,1A1A,Coal,NA,NA,NA,NA,NA
Philippines,2003,1A1A,Natural gas,NA,NA,NA,NA,NA
Philippines,2003,1A1A,Oil,NA,NA,NA,NA,NA
Philippines,2003,1A1A1,Coal,NA,NA,NA,NA,NA
Philippines,2003,1A1A1,Natural gas,NA,NA,NA,NA,NA
Philippines,2003,1A1A1,Oil,NA,NA,NA,NA,NA
Philippines,2003,1A1A2,Coal,NA,NA,NA,NA,NA
Philippines,2003,1A1A2,Natural gas,NA,NA,NA,NA,NA
Philippines,2003,1A1A2,Oil,NA,NA,NA,NA,NA
Philippines,2003,1A1A3,Coal,NA,NA,NA,NA,NA
Philippines,2003,1A1A3,Natural gas,NA,NA,NA,NA,NA
Philippines,2003,1A1A3,Oil,NA,NA,NA,NA,NA
Philippines,2003,1A1B,Coal,NA,NA,NA,NA,NA
Philippines,2003,1A1B,Natural gas,NA,NA,NA,NA,NA
Philippines,2003,1A1B,Oil,NA,NA,NA,NA,NA
Philippines,2003,1A1C,Coal,NA,NA,NA,NA,NA
Philippines,2003,1A1C,Natural gas,NA,NA,NA,NA,NA
Philippines,2003,1A1C,Oil,NA,NA,NA,NA,NA
Philippines,2003,1A2,Coal,NA,NA,NA,NA,NA
Philippines,2003,1A2,Natural gas,NA,NA,NA,NA,NA
Philippines,2003,1A2,Oil,NA,NA,NA,NA,NA
Philippines,2003,1A2A,Coal,NA,NA,NA,NA,NA
Philippines,2003,1A2A,Natural gas,NA,NA,NA,NA,NA
Philippines,2003,1A2A,Oil,NA,NA,NA,NA,NA
Philippines,2003,1A2B,Coal,NA,NA,NA,NA,NA
Philippines,2003,1A2B,Natural gas,NA,NA,NA,NA,NA
Philippines,2003,1A2B,Oil,NA,NA,NA,NA,NA
Philippines,2003,1A2C,Coal,NA,NA,NA,NA,NA
Philippines,2003,1A2C,Natural gas,NA,NA,NA,NA,NA
Philippines,2003,1A2C,Oil,NA,NA,NA,NA,NA
Philippines,2003,1A2D,Coal,NA,NA,NA,NA,NA
Philippines,2003,1A2D,Natural gas,NA,NA,NA,NA,NA
Philippines,2003,1A2D,Oil,NA,NA,NA,NA,NA
Philippines,2003,1A2E,Coal,NA,NA,NA,NA,NA
Philippines,2003,1A2E,Natural gas,NA,NA,NA,NA,NA
Philippines,2003,1A2E,Oil,NA,NA,NA,NA,NA
Philippines,2003,1A2F,Coal,NA,NA,NA,NA,NA
Philippines,2003,1A2F,Natural gas,NA,NA,NA,NA,NA
Philippines,2003,1A2F,Oil,NA,NA,NA,NA,NA
Philippines,2003,1A2G,Coal,NA,NA,NA,NA,NA
Philippines,2003,1A2G,Natural gas,NA,NA,NA,NA,NA
Philippines,2003,1A2G,Oil,NA,NA,NA,NA,NA
Philippines,2003,1A2H,Coal,NA,NA,NA,NA,NA
Philippines,2003,1A2H,Natural gas,NA,NA,NA,NA,NA
Philippines,2003,1A2H,Oil,NA,NA,NA,NA,NA
Philippines,2003,1A2I,Coal,NA,NA,NA,NA,NA
Philippines,2003,1A2I,Natural gas,NA,NA,NA,NA,NA
Philippines,2003,1A2I,Oil,NA,NA,NA,NA,NA
Philippines,2003,1A2J,Coal,NA,NA,NA,NA,NA
Philippines,2003,1A2J,Natural gas,NA,NA,NA,NA,NA
Philippines,2003,1A2J,Oil,NA,NA,NA,NA,NA
Philippines,2003,1A2K,Coal,NA,NA,NA,NA,NA
Philippines,2003,1A2K,Natural gas,NA,NA,NA,NA,NA
Philippines,2003,1A2K,Oil,NA,NA,NA,NA,NA
Philippines,2003,1A2L,Coal,NA,NA,NA,NA,NA
Philippines,2003,1A2L,Natural gas,NA,NA,NA,NA,NA
Philippines,2003,1A2L,Oil,NA,NA,NA,NA,NA
Philippines,2003,1A2M,Coal,NA,NA,NA,NA,NA
Philippines,2003,1A2M,Natural gas,NA,NA,NA,NA,NA
Philippines,2003,1A2M,Oil,NA,NA,NA,NA,NA
Philippines,2003,1A3,Coal,NA,NA,NA,NA,NA
Philippines,2003,1A3,Natural gas,NA,NA,NA,NA,NA
Philippines,2003,1A3,Oil,NA,NA,NA,NA,NA
Philippines,2003,1A3A,Coal,NA,NA,NA,NA,NA
Philippines,2003,1A3A,Natural gas,NA,NA,NA,NA,NA
Philippines,2003,1A3A,Oil,NA,NA,NA,NA,NA
Philippines,2003,1A3A1,Coal,NA,NA,NA,NA,NA
Philippines,2003,1A3A1,Natural gas,NA,NA,NA,NA,NA
Philippines,2003,1A3A1,Oil,NA,NA,NA,NA,NA
Philippines,2003,1A3A2,Coal,NA,NA,NA,NA,NA
Philippines,2003,1A3A2,Natural gas,NA,NA,NA,NA,NA
Philippines,2003,1A3A2,Oil,NA,NA,NA,NA,NA
Philippines,2003,1A3B,Coal,NA,NA,NA,NA,NA
Philippines,2003,1A3B,Natural gas,NA,NA,NA,NA,NA
Philippines,2003,1A3B,Oil,NA,NA,NA,NA,NA
Philippines,2003,1A3C,Coal,NA,NA,NA,NA,NA
Philippines,2003,1A3C,Natural gas,NA,NA,NA,NA,NA
Philippines,2003,1A3C,Oil,NA,NA,NA,NA,NA
Philippines,2003,1A3D,Coal,NA,NA,NA,NA,NA
Philippines,2003,1A3D,Natural gas,NA,NA,NA,NA,NA
Philippines,2003,1A3D,Oil,NA,NA,NA,NA,NA
Philippines,2003,1A3D1,Coal,NA,NA,NA,NA,NA
Philippines,2003,1A3D1,Natural gas,NA,NA,NA,NA,NA
Philippines,2003,1A3D1,Oil,NA,NA,NA,NA,NA
Philippines,2003,1A3D2,Coal,NA,NA,NA,NA,NA
Philippines,2003,1A3D2,Natural gas,NA,NA,NA,NA,NA
Philippines,2003,1A3D2,Oil,NA,NA,NA,NA,NA
Philippines,2003,1A3E,Coal,NA,NA,NA,NA,NA
Philippines,2003,1A3E,Natural gas,NA,NA,NA,NA,NA
Philippines,2003,1A3E,Oil,NA,NA,NA,NA,NA
Philippines,2003,1A3E1,Coal,NA,NA,NA,NA,NA
Philippines,2003,1A3E1,Natural gas,NA,NA,NA,NA,NA
Philippines,2003,1A3E1,Oil,NA,NA,NA,NA,NA
Philippines,2003,1A4,Coal,NA,NA,NA,NA,NA
Philippines,2003,1A4,Natural gas,NA,NA,NA,NA,NA
Philippines,2003,1A4,Oil,NA,NA,NA,NA,NA
Philippines,2003,1A4A,Coal,NA,NA,NA,NA,NA
Philippines,2003,1A4A,Natural gas,NA,NA,NA,NA,NA
Philippines,2003,1A4A,Oil,NA,NA,NA,NA,NA
Philippines,2003,1A4B,Coal,NA,NA,NA,NA,NA
Philippines,2003,1A4B,Natural gas,NA,NA,NA,NA,NA
Philippines,2003,1A4B,Oil,NA,NA,NA,NA,NA
Philippines,2003,1A4C,Coal,NA,NA,NA,NA,NA
Philippines,2003,1A4C,Natural gas,NA,NA,NA,NA,NA
Philippines,2003,1A4C,Oil,NA,NA,NA,NA,NA
Philippines,2003,1A4C1,Coal,NA,NA,NA,NA,NA
Philippines,2003,1A4C1,Natural gas,NA,NA,NA,NA,NA
Philippines,2003,1A4C1,Oil,NA,NA,NA,NA,NA
Philippines,2003,1A4C2,Coal,NA,NA,NA,NA,NA
Philippines,2003,1A4C2,Natural gas,NA,NA,NA,NA,NA
Philippines,2003,1A4C2,Oil,NA,NA,NA,NA,NA
Philippines,2003,1A4C3,Coal,NA,NA,NA,NA,NA
Philippines,2003,1A4C3,Natural gas,NA,NA,NA,NA,NA
Philippines,2003,1A4C3,Oil,NA,NA,NA,NA,NA
Philippines,2003,1A5,Coal,NA,NA,NA,NA,NA
Philippines,2003,1A5,Natural gas,NA,NA,NA,NA,NA
Philippines,2003,1A5,Oil,NA,NA,NA,NA,NA
Philippines,2003,1A5A,Coal,NA,NA,NA,NA,NA
Philippines,2003,1A5A,Natural gas,NA,NA,NA,NA,NA
Philippines,2003,1A5A,Oil,NA,NA,NA,NA,NA
Philippines,2003,1A5B,Coal,NA,NA,NA,NA,NA
Philippines,2003,1A5B,Natural gas,NA,NA,NA,NA,NA
Philippines,2003,1A5B,Oil,NA,NA,NA,NA,NA
Philippines,2003,1A5C,Coal,NA,NA,NA,NA,NA
Philippines,2003,1A5C,Natural gas,NA,NA,NA,NA,NA
Philippines,2003,1A5C,Oil,NA,NA,NA,NA,NA
Philippines,2003,1B,NA,NA,NA,NA,NA,NA
Philippines,2003,1B1,NA,NA,NA,NA,NA,NA
Philippines,2003,1B1A,NA,NA,NA,NA,NA,NA
Philippines,2003,1B1A1,NA,NA,NA,NA,NA,NA
Philippines,2003,1B1A11,NA,NA,NA,NA,NA,NA
Philippines,2003,1B1A12,NA,NA,NA,NA,NA,NA
Philippines,2003,1B1A13,NA,NA,NA,NA,NA,NA
Philippines,2003,1B1A14,NA,NA,NA,NA,NA,NA
Philippines,2003,1B1A2,NA,NA,NA,NA,NA,NA
Philippines,2003,1B1A21,NA,NA,NA,NA,NA,NA
Philippines,2003,1B1A22,NA,NA,NA,NA,NA,NA
Philippines,2003,1B1B,NA,NA,NA,NA,NA,NA
Philippines,2003,1B2,NA,NA,NA,NA,NA,NA
Philippines,2003,1B2A,NA,NA,NA,NA,NA,NA
Philippines,2003,1B2A1,NA,NA,NA,NA,NA,NA
Philippines,2003,1B2A2,NA,NA,NA,NA,NA,NA
Philippines,2003,1B2A3,NA,NA,NA,NA,NA,NA
Philippines,2003,1B2A31,NA,NA,NA,NA,NA,NA
Philippines,2003,1B2A32,NA,NA,NA,NA,NA,NA
Philippines,2003,1B2A33,NA,NA,NA,NA,NA,NA
Philippines,2003,1B2A34,NA,NA,NA,NA,NA,NA
Philippines,2003,1B2A35,NA,NA,NA,NA,NA,NA
Philippines,2003,1B2A36,NA,NA,NA,NA,NA,NA
Philippines,2003,1B2B,NA,NA,NA,NA,NA,NA
Philippines,2003,1B2B1,NA,NA,NA,NA,NA,NA
Philippines,2003,1B2B2,NA,NA,NA,NA,NA,NA
Philippines,2003,1B2B3,NA,NA,NA,NA,NA,NA
Philippines,2003,1B2B31,NA,NA,NA,NA,NA,NA
Philippines,2003,1B2B32,NA,NA,NA,NA,NA,NA
Philippines,2003,1B2B33,NA,NA,NA,NA,NA,NA
Philippines,2003,1B2B34,NA,NA,NA,NA,NA,NA
Philippines,2003,1B2B35,NA,NA,NA,NA,NA,NA
Philippines,2003,1B2B36,NA,NA,NA,NA,NA,NA
Philippines,2003,1B3,NA,NA,NA,NA,NA,NA
Philippines,2003,1C,NA,NA,NA,NA,NA,NA
Philippines,2003,1C1,NA,NA,NA,NA,NA,NA
Philippines,2003,1C1A,NA,NA,NA,NA,NA,NA
Philippines,2003,1C1B,NA,NA,NA,NA,NA,NA
Philippines,2003,1C1C,NA,NA,NA,NA,NA,NA
Philippines,2003,1C2,NA,NA,NA,NA,NA,NA
Philippines,2003,1C2A,NA,NA,NA,NA,NA,NA
Philippines,2003,1C2B,NA,NA,NA,NA,NA,NA
Philippines,2003,1C3,NA,NA,NA,NA,NA,NA
Philippines,2003,2A,NA,NA,NA,NA,NA,NA
Philippines,2003,2A1,NA,NA,NA,NA,NA,NA
Philippines,2003,2A2,NA,NA,NA,NA,NA,NA
Philippines,2003,2A3,NA,NA,NA,NA,NA,NA
Philippines,2003,2A4,NA,NA,NA,NA,NA,NA
Philippines,2003,2A4A,NA,NA,NA,NA,NA,NA
Philippines,2003,2A4B,NA,NA,NA,NA,NA,NA
Philippines,2003,2A4C,NA,NA,NA,NA,NA,NA
Philippines,2003,2A4D,NA,NA,NA,NA,NA,NA
Philippines,2003,2B,NA,NA,NA,NA,NA,NA
Philippines,2003,2B1,NA,NA,NA,NA,NA,NA
Philippines,2003,2B10,NA,NA,NA,NA,NA,NA
Philippines,2003,2B2,NA,NA,NA,NA,NA,NA
Philippines,2003,2B3,NA,NA,NA,NA,NA,NA
Philippines,2003,2B4,NA,NA,NA,NA,NA,NA
Philippines,2003,2B5,NA,NA,NA,NA,NA,NA
Philippines,2003,2B6,NA,NA,NA,NA,NA,NA
Philippines,2003,2B7,NA,NA,NA,NA,NA,NA
Philippines,2003,2B8,NA,NA,NA,NA,NA,NA
Philippines,2003,2B8A,NA,NA,NA,NA,NA,NA
Philippines,2003,2B8B,NA,NA,NA,NA,NA,NA
Philippines,2003,2B8C,NA,NA,NA,NA,NA,NA
Philippines,2003,2B8D,NA,NA,NA,NA,NA,NA
Philippines,2003,2B8E,NA,NA,NA,NA,NA,NA
Philippines,2003,2B8F,NA,NA,NA,NA,NA,NA
Philippines,2003,2B9,NA,NA,NA,NA,NA,NA
Philippines,2003,2B9A,NA,NA,NA,NA,NA,NA
Philippines,2003,2B9B,NA,NA,NA,NA,NA,NA
Philippines,2003,2C,NA,NA,NA,NA,NA,NA
Philippines,2003,2C1,NA,NA,NA,NA,NA,NA
Philippines,2003,2C2,NA,NA,NA,NA,NA,NA
Philippines,2003,2C3,NA,NA,NA,NA,NA,NA
Philippines,2003,2C4,NA,NA,NA,NA,NA,NA
Philippines,2003,2C5,NA,NA,NA,NA,NA,NA
Philippines,2003,2C6,NA,NA,NA,NA,NA,NA
Philippines,2003,2C7,NA,NA,NA,NA,NA,NA
Philippines,2003,2D,NA,NA,NA,NA,NA,NA
Philippines,2003,2D1,NA,NA,NA,NA,NA,NA
Philippines,2003,2D2,NA,NA,NA,NA,NA,NA
Philippines,2003,2D3,NA,NA,NA,NA,NA,NA
Philippines,2003,2D4,NA,NA,NA,NA,NA,NA
Philippines,2003,2E,NA,NA,NA,NA,NA,NA
Philippines,2003,2E1,NA,NA,NA,NA,NA,NA
Philippines,2003,2E2,NA,NA,NA,NA,NA,NA
Philippines,2003,2E3,NA,NA,NA,NA,NA,NA
Philippines,2003,2E4,NA,NA,NA,NA,NA,NA
Philippines,2003,2E5,NA,NA,NA,NA,NA,NA
Philippines,2003,2F,NA,NA,NA,NA,NA,NA
Philippines,2003,2F1,NA,NA,NA,NA,NA,NA
Philippines,2003,2F2,NA,NA,NA,NA,NA,NA
Philippines,2003,2F3,NA,NA,NA,NA,NA,NA
Philippines,2003,2F4,NA,NA,NA,NA,NA,NA
Philippines,2003,2F5,NA,NA,NA,NA,NA,NA
Philippines,2003,2F6,NA,NA,NA,NA,NA,NA
Philippines,2003,2G,NA,NA,NA,NA,NA,NA
Philippines,2003,2G1,NA,NA,NA,NA,NA,NA
Philippines,2003,2G2,NA,NA,NA,NA,NA,NA
Philippines,2003,2G3,NA,NA,NA,NA,NA,NA
Philippines,2003,2G4,NA,NA,NA,NA,NA,NA
Philippines,2003,2H,NA,NA,NA,NA,NA,NA
Philippines,2003,2H1,NA,NA,NA,NA,NA,NA
Philippines,2003,2H2,NA,NA,NA,NA,NA,NA
Philippines,2003,2H3,NA,NA,NA,NA,NA,NA
Philippines,2003,3A,NA,NA,NA,NA,NA,NA
Philippines,2003,3A1,NA,NA,NA,NA,NA,NA
Philippines,2003,3A2,NA,NA,NA,NA,NA,NA
Philippines,2003,3B,NA,NA,NA,NA,NA,NA
Philippines,2003,3B1,NA,NA,NA,NA,NA,NA
Philippines,2003,3B1A,NA,NA,NA,NA,NA,NA
Philippines,2003,3B1B,NA,NA,NA,NA,NA,NA
Philippines,2003,3B2,NA,NA,NA,NA,NA,NA
Philippines,2003,3B2A,NA,NA,NA,NA,NA,NA
Philippines,2003,3B2B,NA,NA,NA,NA,NA,NA
Philippines,2003,3B3,NA,NA,NA,NA,NA,NA
Philippines,2003,3B3A,NA,NA,NA,NA,NA,NA
Philippines,2003,3B3B,NA,NA,NA,NA,NA,NA
Philippines,2003,3B4,NA,NA,NA,NA,NA,NA
Philippines,2003,3B4A,NA,NA,NA,NA,NA,NA
Philippines,2003,3B4B,NA,NA,NA,NA,NA,NA
Philippines,2003,3B5,NA,NA,NA,NA,NA,NA
Philippines,2003,3B5A,NA,NA,NA,NA,NA,NA
Philippines,2003,3B5B,NA,NA,NA,NA,NA,NA
Philippines,2003,3B6,NA,NA,NA,NA,NA,NA
Philippines,2003,3B6A,NA,NA,NA,NA,NA,NA
Philippines,2003,3B6B,NA,NA,NA,NA,NA,NA
Philippines,2003,3B6B1,NA,NA,NA,NA,NA,NA
Philippines,2003,3B6B2,NA,NA,NA,NA,NA,NA
Philippines,2003,3B6B3,NA,NA,NA,NA,NA,NA
Philippines,2003,3B6B4,NA,NA,NA,NA,NA,NA
Philippines,2003,3B6B5,NA,NA,NA,NA,NA,NA
Philippines,2003,3C,NA,NA,NA,NA,NA,NA
Philippines,2003,3C1,NA,NA,NA,NA,NA,NA
Philippines,2003,3C2,NA,NA,NA,NA,NA,NA
Philippines,2003,3C3,NA,NA,NA,NA,NA,NA
Philippines,2003,3C4,NA,NA,NA,NA,NA,NA
Philippines,2003,3C5,NA,NA,NA,NA,NA,NA
Philippines,2003,3C6,NA,NA,NA,NA,NA,NA
Philippines,2003,3C7,NA,NA,NA,NA,NA,NA
Philippines,2003,3C8,NA,NA,NA,NA,NA,NA
Philippines,2003,3D,NA,NA,NA,NA,NA,NA
Philippines,2003,3D1,NA,NA,NA,NA,NA,NA
Philippines,2003,3D2,NA,NA,NA,NA,NA,NA
Philippines,2003,4A,NA,NA,NA,NA,NA,NA
Philippines,2003,4A1,NA,NA,NA,NA,NA,NA
Philippines,2003,4A2,NA,NA,NA,NA,NA,NA
Philippines,2003,4A3,NA,NA,NA,NA,NA,NA
Philippines,2003,4B,NA,NA,NA,NA,NA,NA
Philippines,2003,4C,NA,NA,NA,NA,NA,NA
Philippines,2003,4C1,NA,NA,NA,NA,NA,NA
Philippines,2003,4C2,NA,NA,NA,NA,NA,NA
Philippines,2003,4D,NA,NA,NA,NA,NA,NA
Philippines,2003,4D1,NA,NA,NA,NA,NA,NA
Philippines,2003,4D2,NA,NA,NA,NA,NA,NA
Philippines,2003,4E,NA,NA,NA,NA,NA,NA
Philippines,2003,5A,NA,NA,NA,NA,NA,NA
Philippines,2003,5A1,NA,NA,NA,NA,NA,NA
Philippines,2003,5A2,NA,NA,NA,NA,NA,NA
Philippines,2004,0,NA,NA,NA,NA,NA,NA
Philippines,2004,1,NA,NA,NA,NA,NA,NA
Philippines,2004,2,NA,NA,NA,NA,NA,NA
Philippines,2004,3,NA,NA,NA,NA,NA,NA
Philippines,2004,4,NA,NA,NA,NA,NA,NA
Philippines,2004,5,NA,NA,NA,NA,NA,NA
Philippines,2004,1A,Coal,NA,NA,NA,NA,NA
Philippines,2004,1A,Natural gas,NA,NA,NA,NA,NA
Philippines,2004,1A,Oil,NA,NA,NA,NA,NA
Philippines,2004,1A1,Coal,NA,NA,NA,NA,NA
Philippines,2004,1A1,Natural gas,NA,NA,NA,NA,NA
Philippines,2004,1A1,Oil,NA,NA,NA,NA,NA
Philippines,2004,1A1A,Coal,NA,NA,NA,NA,NA
Philippines,2004,1A1A,Natural gas,NA,NA,NA,NA,NA
Philippines,2004,1A1A,Oil,NA,NA,NA,NA,NA
Philippines,2004,1A1A1,Coal,NA,NA,NA,NA,NA
Philippines,2004,1A1A1,Natural gas,NA,NA,NA,NA,NA
Philippines,2004,1A1A1,Oil,NA,NA,NA,NA,NA
Philippines,2004,1A1A2,Coal,NA,NA,NA,NA,NA
Philippines,2004,1A1A2,Natural gas,NA,NA,NA,NA,NA
Philippines,2004,1A1A2,Oil,NA,NA,NA,NA,NA
Philippines,2004,1A1A3,Coal,NA,NA,NA,NA,NA
Philippines,2004,1A1A3,Natural gas,NA,NA,NA,NA,NA
Philippines,2004,1A1A3,Oil,NA,NA,NA,NA,NA
Philippines,2004,1A1B,Coal,NA,NA,NA,NA,NA
Philippines,2004,1A1B,Natural gas,NA,NA,NA,NA,NA
Philippines,2004,1A1B,Oil,NA,NA,NA,NA,NA
Philippines,2004,1A1C,Coal,NA,NA,NA,NA,NA
Philippines,2004,1A1C,Natural gas,NA,NA,NA,NA,NA
Philippines,2004,1A1C,Oil,NA,NA,NA,NA,NA
Philippines,2004,1A2,Coal,NA,NA,NA,NA,NA
Philippines,2004,1A2,Natural gas,NA,NA,NA,NA,NA
Philippines,2004,1A2,Oil,NA,NA,NA,NA,NA
Philippines,2004,1A2A,Coal,NA,NA,NA,NA,NA
Philippines,2004,1A2A,Natural gas,NA,NA,NA,NA,NA
Philippines,2004,1A2A,Oil,NA,NA,NA,NA,NA
Philippines,2004,1A2B,Coal,NA,NA,NA,NA,NA
Philippines,2004,1A2B,Natural gas,NA,NA,NA,NA,NA
Philippines,2004,1A2B,Oil,NA,NA,NA,NA,NA
Philippines,2004,1A2C,Coal,NA,NA,NA,NA,NA
Philippines,2004,1A2C,Natural gas,NA,NA,NA,NA,NA
Philippines,2004,1A2C,Oil,NA,NA,NA,NA,NA
Philippines,2004,1A2D,Coal,NA,NA,NA,NA,NA
Philippines,2004,1A2D,Natural gas,NA,NA,NA,NA,NA
Philippines,2004,1A2D,Oil,NA,NA,NA,NA,NA
Philippines,2004,1A2E,Coal,NA,NA,NA,NA,NA
Philippines,2004,1A2E,Natural gas,NA,NA,NA,NA,NA
Philippines,2004,1A2E,Oil,NA,NA,NA,NA,NA
Philippines,2004,1A2F,Coal,NA,NA,NA,NA,NA
Philippines,2004,1A2F,Natural gas,NA,NA,NA,NA,NA
Philippines,2004,1A2F,Oil,NA,NA,NA,NA,NA
Philippines,2004,1A2G,Coal,NA,NA,NA,NA,NA
Philippines,2004,1A2G,Natural gas,NA,NA,NA,NA,NA
Philippines,2004,1A2G,Oil,NA,NA,NA,NA,NA
Philippines,2004,1A2H,Coal,NA,NA,NA,NA,NA
Philippines,2004,1A2H,Natural gas,NA,NA,NA,NA,NA
Philippines,2004,1A2H,Oil,NA,NA,NA,NA,NA
Philippines,2004,1A2I,Coal,NA,NA,NA,NA,NA
Philippines,2004,1A2I,Natural gas,NA,NA,NA,NA,NA
Philippines,2004,1A2I,Oil,NA,NA,NA,NA,NA
Philippines,2004,1A2J,Coal,NA,NA,NA,NA,NA
Philippines,2004,1A2J,Natural gas,NA,NA,NA,NA,NA
Philippines,2004,1A2J,Oil,NA,NA,NA,NA,NA
Philippines,2004,1A2K,Coal,NA,NA,NA,NA,NA
Philippines,2004,1A2K,Natural gas,NA,NA,NA,NA,NA
Philippines,2004,1A2K,Oil,NA,NA,NA,NA,NA
Philippines,2004,1A2L,Coal,NA,NA,NA,NA,NA
Philippines,2004,1A2L,Natural gas,NA,NA,NA,NA,NA
Philippines,2004,1A2L,Oil,NA,NA,NA,NA,NA
Philippines,2004,1A2M,Coal,NA,NA,NA,NA,NA
Philippines,2004,1A2M,Natural gas,NA,NA,NA,NA,NA
Philippines,2004,1A2M,Oil,NA,NA,NA,NA,NA
Philippines,2004,1A3,Coal,NA,NA,NA,NA,NA
Philippines,2004,1A3,Natural gas,NA,NA,NA,NA,NA
Philippines,2004,1A3,Oil,NA,NA,NA,NA,NA
Philippines,2004,1A3A,Coal,NA,NA,NA,NA,NA
Philippines,2004,1A3A,Natural gas,NA,NA,NA,NA,NA
Philippines,2004,1A3A,Oil,NA,NA,NA,NA,NA
Philippines,2004,1A3A1,Coal,NA,NA,NA,NA,NA
Philippines,2004,1A3A1,Natural gas,NA,NA,NA,NA,NA
Philippines,2004,1A3A1,Oil,NA,NA,NA,NA,NA
Philippines,2004,1A3A2,Coal,NA,NA,NA,NA,NA
Philippines,2004,1A3A2,Natural gas,NA,NA,NA,NA,NA
Philippines,2004,1A3A2,Oil,NA,NA,NA,NA,NA
Philippines,2004,1A3B,Coal,NA,NA,NA,NA,NA
Philippines,2004,1A3B,Natural gas,NA,NA,NA,NA,NA
Philippines,2004,1A3B,Oil,NA,NA,NA,NA,NA
Philippines,2004,1A3C,Coal,NA,NA,NA,NA,NA
Philippines,2004,1A3C,Natural gas,NA,NA,NA,NA,NA
Philippines,2004,1A3C,Oil,NA,NA,NA,NA,NA
Philippines,2004,1A3D,Coal,NA,NA,NA,NA,NA
Philippines,2004,1A3D,Natural gas,NA,NA,NA,NA,NA
Philippines,2004,1A3D,Oil,NA,NA,NA,NA,NA
Philippines,2004,1A3D1,Coal,NA,NA,NA,NA,NA
Philippines,2004,1A3D1,Natural gas,NA,NA,NA,NA,NA
Philippines,2004,1A3D1,Oil,NA,NA,NA,NA,NA
Philippines,2004,1A3D2,Coal,NA,NA,NA,NA,NA
Philippines,2004,1A3D2,Natural gas,NA,NA,NA,NA,NA
Philippines,2004,1A3D2,Oil,NA,NA,NA,NA,NA
Philippines,2004,1A3E,Coal,NA,NA,NA,NA,NA
Philippines,2004,1A3E,Natural gas,NA,NA,NA,NA,NA
Philippines,2004,1A3E,Oil,NA,NA,NA,NA,NA
Philippines,2004,1A3E1,Coal,NA,NA,NA,NA,NA
Philippines,2004,1A3E1,Natural gas,NA,NA,NA,NA,NA
Philippines,2004,1A3E1,Oil,NA,NA,NA,NA,NA
Philippines,2004,1A4,Coal,NA,NA,NA,NA,NA
Philippines,2004,1A4,Natural gas,NA,NA,NA,NA,NA
Philippines,2004,1A4,Oil,NA,NA,NA,NA,NA
Philippines,2004,1A4A,Coal,NA,NA,NA,NA,NA
Philippines,2004,1A4A,Natural gas,NA,NA,NA,NA,NA
Philippines,2004,1A4A,Oil,NA,NA,NA,NA,NA
Philippines,2004,1A4B,Coal,NA,NA,NA,NA,NA
Philippines,2004,1A4B,Natural gas,NA,NA,NA,NA,NA
Philippines,2004,1A4B,Oil,NA,NA,NA,NA,NA
Philippines,2004,1A4C,Coal,NA,NA,NA,NA,NA
Philippines,2004,1A4C,Natural gas,NA,NA,NA,NA,NA
Philippines,2004,1A4C,Oil,NA,NA,NA,NA,NA
Philippines,2004,1A4C1,Coal,NA,NA,NA,NA,NA
Philippines,2004,1A4C1,Natural gas,NA,NA,NA,NA,NA
Philippines,2004,1A4C1,Oil,NA,NA,NA,NA,NA
Philippines,2004,1A4C2,Coal,NA,NA,NA,NA,NA
Philippines,2004,1A4C2,Natural gas,NA,NA,NA,NA,NA
Philippines,2004,1A4C2,Oil,NA,NA,NA,NA,NA
Philippines,2004,1A4C3,Coal,NA,NA,NA,NA,NA
Philippines,2004,1A4C3,Natural gas,NA,NA,NA,NA,NA
Philippines,2004,1A4C3,Oil,NA,NA,NA,NA,NA
Philippines,2004,1A5,Coal,NA,NA,NA,NA,NA
Philippines,2004,1A5,Natural gas,NA,NA,NA,NA,NA
Philippines,2004,1A5,Oil,NA,NA,NA,NA,NA
Philippines,2004,1A5A,Coal,NA,NA,NA,NA,NA
Philippines,2004,1A5A,Natural gas,NA,NA,NA,NA,NA
Philippines,2004,1A5A,Oil,NA,NA,NA,NA,NA
Philippines,2004,1A5B,Coal,NA,NA,NA,NA,NA
Philippines,2004,1A5B,Natural gas,NA,NA,NA,NA,NA
Philippines,2004,1A5B,Oil,NA,NA,NA,NA,NA
Philippines,2004,1A5C,Coal,NA,NA,NA,NA,NA
Philippines,2004,1A5C,Natural gas,NA,NA,NA,NA,NA
Philippines,2004,1A5C,Oil,NA,NA,NA,NA,NA
Philippines,2004,1B,NA,NA,NA,NA,NA,NA
Philippines,2004,1B1,NA,NA,NA,NA,NA,NA
Philippines,2004,1B1A,NA,NA,NA,NA,NA,NA
Philippines,2004,1B1A1,NA,NA,NA,NA,NA,NA
Philippines,2004,1B1A11,NA,NA,NA,NA,NA,NA
Philippines,2004,1B1A12,NA,NA,NA,NA,NA,NA
Philippines,2004,1B1A13,NA,NA,NA,NA,NA,NA
Philippines,2004,1B1A14,NA,NA,NA,NA,NA,NA
Philippines,2004,1B1A2,NA,NA,NA,NA,NA,NA
Philippines,2004,1B1A21,NA,NA,NA,NA,NA,NA
Philippines,2004,1B1A22,NA,NA,NA,NA,NA,NA
Philippines,2004,1B1B,NA,NA,NA,NA,NA,NA
Philippines,2004,1B2,NA,NA,NA,NA,NA,NA
Philippines,2004,1B2A,NA,NA,NA,NA,NA,NA
Philippines,2004,1B2A1,NA,NA,NA,NA,NA,NA
Philippines,2004,1B2A2,NA,NA,NA,NA,NA,NA
Philippines,2004,1B2A3,NA,NA,NA,NA,NA,NA
Philippines,2004,1B2A31,NA,NA,NA,NA,NA,NA
Philippines,2004,1B2A32,NA,NA,NA,NA,NA,NA
Philippines,2004,1B2A33,NA,NA,NA,NA,NA,NA
Philippines,2004,1B2A34,NA,NA,NA,NA,NA,NA
Philippines,2004,1B2A35,NA,NA,NA,NA,NA,NA
Philippines,2004,1B2A36,NA,NA,NA,NA,NA,NA
Philippines,2004,1B2B,NA,NA,NA,NA,NA,NA
Philippines,2004,1B2B1,NA,NA,NA,NA,NA,NA
Philippines,2004,1B2B2,NA,NA,NA,NA,NA,NA
Philippines,2004,1B2B3,NA,NA,NA,NA,NA,NA
Philippines,2004,1B2B31,NA,NA,NA,NA,NA,NA
Philippines,2004,1B2B32,NA,NA,NA,NA,NA,NA
Philippines,2004,1B2B33,NA,NA,NA,NA,NA,NA
Philippines,2004,1B2B34,NA,NA,NA,NA,NA,NA
Philippines,2004,1B2B35,NA,NA,NA,NA,NA,NA
Philippines,2004,1B2B36,NA,NA,NA,NA,NA,NA
Philippines,2004,1B3,NA,NA,NA,NA,NA,NA
Philippines,2004,1C,NA,NA,NA,NA,NA,NA
Philippines,2004,1C1,NA,NA,NA,NA,NA,NA
Philippines,2004,1C1A,NA,NA,NA,NA,NA,NA
Philippines,2004,1C1B,NA,NA,NA,NA,NA,NA
Philippines,2004,1C1C,NA,NA,NA,NA,NA,NA
Philippines,2004,1C2,NA,NA,NA,NA,NA,NA
Philippines,2004,1C2A,NA,NA,NA,NA,NA,NA
Philippines,2004,1C2B,NA,NA,NA,NA,NA,NA
Philippines,2004,1C3,NA,NA,NA,NA,NA,NA
Philippines,2004,2A,NA,NA,NA,NA,NA,NA
Philippines,2004,2A1,NA,NA,NA,NA,NA,NA
Philippines,2004,2A2,NA,NA,NA,NA,NA,NA
Philippines,2004,2A3,NA,NA,NA,NA,NA,NA
Philippines,2004,2A4,NA,NA,NA,NA,NA,NA
Philippines,2004,2A4A,NA,NA,NA,NA,NA,NA
Philippines,2004,2A4B,NA,NA,NA,NA,NA,NA
Philippines,2004,2A4C,NA,NA,NA,NA,NA,NA
Philippines,2004,2A4D,NA,NA,NA,NA,NA,NA
Philippines,2004,2B,NA,NA,NA,NA,NA,NA
Philippines,2004,2B1,NA,NA,NA,NA,NA,NA
Philippines,2004,2B10,NA,NA,NA,NA,NA,NA
Philippines,2004,2B2,NA,NA,NA,NA,NA,NA
Philippines,2004,2B3,NA,NA,NA,NA,NA,NA
Philippines,2004,2B4,NA,NA,NA,NA,NA,NA
Philippines,2004,2B5,NA,NA,NA,NA,NA,NA
Philippines,2004,2B6,NA,NA,NA,NA,NA,NA
Philippines,2004,2B7,NA,NA,NA,NA,NA,NA
Philippines,2004,2B8,NA,NA,NA,NA,NA,NA
Philippines,2004,2B8A,NA,NA,NA,NA,NA,NA
Philippines,2004,2B8B,NA,NA,NA,NA,NA,NA
Philippines,2004,2B8C,NA,NA,NA,NA,NA,NA
Philippines,2004,2B8D,NA,NA,NA,NA,NA,NA
Philippines,2004,2B8E,NA,NA,NA,NA,NA,NA
Philippines,2004,2B8F,NA,NA,NA,NA,NA,NA
Philippines,2004,2B9,NA,NA,NA,NA,NA,NA
Philippines,2004,2B9A,NA,NA,NA,NA,NA,NA
Philippines,2004,2B9B,NA,NA,NA,NA,NA,NA
Philippines,2004,2C,NA,NA,NA,NA,NA,NA
Philippines,2004,2C1,NA,NA,NA,NA,NA,NA
Philippines,2004,2C2,NA,NA,NA,NA,NA,NA
Philippines,2004,2C3,NA,NA,NA,NA,NA,NA
Philippines,2004,2C4,NA,NA,NA,NA,NA,NA
Philippines,2004,2C5,NA,NA,NA,NA,NA,NA
Philippines,2004,2C6,NA,NA,NA,NA,NA,NA
Philippines,2004,2C7,NA,NA,NA,NA,NA,NA
Philippines,2004,2D,NA,NA,NA,NA,NA,NA
Philippines,2004,2D1,NA,NA,NA,NA,NA,NA
Philippines,2004,2D2,NA,NA,NA,NA,NA,NA
Philippines,2004,2D3,NA,NA,NA,NA,NA,NA
Philippines,2004,2D4,NA,NA,NA,NA,NA,NA
Philippines,2004,2E,NA,NA,NA,NA,NA,NA
Philippines,2004,2E1,NA,NA,NA,NA,NA,NA
Philippines,2004,2E2,NA,NA,NA,NA,NA,NA
Philippines,2004,2E3,NA,NA,NA,NA,NA,NA
Philippines,2004,2E4,NA,NA,NA,NA,NA,NA
Philippines,2004,2E5,NA,NA,NA,NA,NA,NA
Philippines,2004,2F,NA,NA,NA,NA,NA,NA
Philippines,2004,2F1,NA,NA,NA,NA,NA,NA
Philippines,2004,2F2,NA,NA,NA,NA,NA,NA
Philippines,2004,2F3,NA,NA,NA,NA,NA,NA
Philippines,2004,2F4,NA,NA,NA,NA,NA,NA
Philippines,2004,2F5,NA,NA,NA,NA,NA,NA
Philippines,2004,2F6,NA,NA,NA,NA,NA,NA
Philippines,2004,2G,NA,NA,NA,NA,NA,NA
Philippines,2004,2G1,NA,NA,NA,NA,NA,NA
Philippines,2004,2G2,NA,NA,NA,NA,NA,NA
Philippines,2004,2G3,NA,NA,NA,NA,NA,NA
Philippines,2004,2G4,NA,NA,NA,NA,NA,NA
Philippines,2004,2H,NA,NA,NA,NA,NA,NA
Philippines,2004,2H1,NA,NA,NA,NA,NA,NA
Philippines,2004,2H2,NA,NA,NA,NA,NA,NA
Philippines,2004,2H3,NA,NA,NA,NA,NA,NA
Philippines,2004,3A,NA,NA,NA,NA,NA,NA
Philippines,2004,3A1,NA,NA,NA,NA,NA,NA
Philippines,2004,3A2,NA,NA,NA,NA,NA,NA
Philippines,2004,3B,NA,NA,NA,NA,NA,NA
Philippines,2004,3B1,NA,NA,NA,NA,NA,NA
Philippines,2004,3B1A,NA,NA,NA,NA,NA,NA
Philippines,2004,3B1B,NA,NA,NA,NA,NA,NA
Philippines,2004,3B2,NA,NA,NA,NA,NA,NA
Philippines,2004,3B2A,NA,NA,NA,NA,NA,NA
Philippines,2004,3B2B,NA,NA,NA,NA,NA,NA
Philippines,2004,3B3,NA,NA,NA,NA,NA,NA
Philippines,2004,3B3A,NA,NA,NA,NA,NA,NA
Philippines,2004,3B3B,NA,NA,NA,NA,NA,NA
Philippines,2004,3B4,NA,NA,NA,NA,NA,NA
Philippines,2004,3B4A,NA,NA,NA,NA,NA,NA
Philippines,2004,3B4B,NA,NA,NA,NA,NA,NA
Philippines,2004,3B5,NA,NA,NA,NA,NA,NA
Philippines,2004,3B5A,NA,NA,NA,NA,NA,NA
Philippines,2004,3B5B,NA,NA,NA,NA,NA,NA
Philippines,2004,3B6,NA,NA,NA,NA,NA,NA
Philippines,2004,3B6A,NA,NA,NA,NA,NA,NA
Philippines,2004,3B6B,NA,NA,NA,NA,NA,NA
Philippines,2004,3B6B1,NA,NA,NA,NA,NA,NA
Philippines,2004,3B6B2,NA,NA,NA,NA,NA,NA
Philippines,2004,3B6B3,NA,NA,NA,NA,NA,NA
Philippines,2004,3B6B4,NA,NA,NA,NA,NA,NA
Philippines,2004,3B6B5,NA,NA,NA,NA,NA,NA
Philippines,2004,3C,NA,NA,NA,NA,NA,NA
Philippines,2004,3C1,NA,NA,NA,NA,NA,NA
Philippines,2004,3C2,NA,NA,NA,NA,NA,NA
Philippines,2004,3C3,NA,NA,NA,NA,NA,NA
Philippines,2004,3C4,NA,NA,NA,NA,NA,NA
Philippines,2004,3C5,NA,NA,NA,NA,NA,NA
Philippines,2004,3C6,NA,NA,NA,NA,NA,NA
Philippines,2004,3C7,NA,NA,NA,NA,NA,NA
Philippines,2004,3C8,NA,NA,NA,NA,NA,NA
Philippines,2004,3D,NA,NA,NA,NA,NA,NA
Philippines,2004,3D1,NA,NA,NA,NA,NA,NA
Philippines,2004,3D2,NA,NA,NA,NA,NA,NA
Philippines,2004,4A,NA,NA,NA,NA,NA,NA
Philippines,2004,4A1,NA,NA,NA,NA,NA,NA
Philippines,2004,4A2,NA,NA,NA,NA,NA,NA
Philippines,2004,4A3,NA,NA,NA,NA,NA,NA
Philippines,2004,4B,NA,NA,NA,NA,NA,NA
Philippines,2004,4C,NA,NA,NA,NA,NA,NA
Philippines,2004,4C1,NA,NA,NA,NA,NA,NA
Philippines,2004,4C2,NA,NA,NA,NA,NA,NA
Philippines,2004,4D,NA,NA,NA,NA,NA,NA
Philippines,2004,4D1,NA,NA,NA,NA,NA,NA
Philippines,2004,4D2,NA,NA,NA,NA,NA,NA
Philippines,2004,4E,NA,NA,NA,NA,NA,NA
Philippines,2004,5A,NA,NA,NA,NA,NA,NA
Philippines,2004,5A1,NA,NA,NA,NA,NA,NA
Philippines,2004,5A2,NA,NA,NA,NA,NA,NA
Philippines,2005,0,NA,NA,NA,NA,NA,NA
Philippines,2005,1,NA,NA,NA,NA,NA,NA
Philippines,2005,2,NA,NA,NA,NA,NA,NA
Philippines,2005,3,NA,NA,NA,NA,NA,NA
Philippines,2005,4,NA,NA,NA,NA,NA,NA
Philippines,2005,5,NA,NA,NA,NA,NA,NA
Philippines,2005,1A,Coal,NA,NA,NA,NA,NA
Philippines,2005,1A,Natural gas,NA,NA,NA,NA,NA
Philippines,2005,1A,Oil,NA,NA,NA,NA,NA
Philippines,2005,1A1,Coal,NA,NA,NA,NA,NA
Philippines,2005,1A1,Natural gas,NA,NA,NA,NA,NA
Philippines,2005,1A1,Oil,NA,NA,NA,NA,NA
Philippines,2005,1A1A,Coal,NA,NA,NA,NA,NA
Philippines,2005,1A1A,Natural gas,NA,NA,NA,NA,NA
Philippines,2005,1A1A,Oil,NA,NA,NA,NA,NA
Philippines,2005,1A1A1,Coal,NA,NA,NA,NA,NA
Philippines,2005,1A1A1,Natural gas,NA,NA,NA,NA,NA
Philippines,2005,1A1A1,Oil,NA,NA,NA,NA,NA
Philippines,2005,1A1A2,Coal,NA,NA,NA,NA,NA
Philippines,2005,1A1A2,Natural gas,NA,NA,NA,NA,NA
Philippines,2005,1A1A2,Oil,NA,NA,NA,NA,NA
Philippines,2005,1A1A3,Coal,NA,NA,NA,NA,NA
Philippines,2005,1A1A3,Natural gas,NA,NA,NA,NA,NA
Philippines,2005,1A1A3,Oil,NA,NA,NA,NA,NA
Philippines,2005,1A1B,Coal,NA,NA,NA,NA,NA
Philippines,2005,1A1B,Natural gas,NA,NA,NA,NA,NA
Philippines,2005,1A1B,Oil,NA,NA,NA,NA,NA
Philippines,2005,1A1C,Coal,NA,NA,NA,NA,NA
Philippines,2005,1A1C,Natural gas,NA,NA,NA,NA,NA
Philippines,2005,1A1C,Oil,NA,NA,NA,NA,NA
Philippines,2005,1A2,Coal,NA,NA,NA,NA,NA
Philippines,2005,1A2,Natural gas,NA,NA,NA,NA,NA
Philippines,2005,1A2,Oil,NA,NA,NA,NA,NA
Philippines,2005,1A2A,Coal,NA,NA,NA,NA,NA
Philippines,2005,1A2A,Natural gas,NA,NA,NA,NA,NA
Philippines,2005,1A2A,Oil,NA,NA,NA,NA,NA
Philippines,2005,1A2B,Coal,NA,NA,NA,NA,NA
Philippines,2005,1A2B,Natural gas,NA,NA,NA,NA,NA
Philippines,2005,1A2B,Oil,NA,NA,NA,NA,NA
Philippines,2005,1A2C,Coal,NA,NA,NA,NA,NA
Philippines,2005,1A2C,Natural gas,NA,NA,NA,NA,NA
Philippines,2005,1A2C,Oil,NA,NA,NA,NA,NA
Philippines,2005,1A2D,Coal,NA,NA,NA,NA,NA
Philippines,2005,1A2D,Natural gas,NA,NA,NA,NA,NA
Philippines,2005,1A2D,Oil,NA,NA,NA,NA,NA
Philippines,2005,1A2E,Coal,NA,NA,NA,NA,NA
Philippines,2005,1A2E,Natural gas,NA,NA,NA,NA,NA
Philippines,2005,1A2E,Oil,NA,NA,NA,NA,NA
Philippines,2005,1A2F,Coal,NA,NA,NA,NA,NA
Philippines,2005,1A2F,Natural gas,NA,NA,NA,NA,NA
Philippines,2005,1A2F,Oil,NA,NA,NA,NA,NA
Philippines,2005,1A2G,Coal,NA,NA,NA,NA,NA
Philippines,2005,1A2G,Natural gas,NA,NA,NA,NA,NA
Philippines,2005,1A2G,Oil,NA,NA,NA,NA,NA
Philippines,2005,1A2H,Coal,NA,NA,NA,NA,NA
Philippines,2005,1A2H,Natural gas,NA,NA,NA,NA,NA
Philippines,2005,1A2H,Oil,NA,NA,NA,NA,NA
Philippines,2005,1A2I,Coal,NA,NA,NA,NA,NA
Philippines,2005,1A2I,Natural gas,NA,NA,NA,NA,NA
Philippines,2005,1A2I,Oil,NA,NA,NA,NA,NA
Philippines,2005,1A2J,Coal,NA,NA,NA,NA,NA
Philippines,2005,1A2J,Natural gas,NA,NA,NA,NA,NA
Philippines,2005,1A2J,Oil,NA,NA,NA,NA,NA
Philippines,2005,1A2K,Coal,NA,NA,NA,NA,NA
Philippines,2005,1A2K,Natural gas,NA,NA,NA,NA,NA
Philippines,2005,1A2K,Oil,NA,NA,NA,NA,NA
Philippines,2005,1A2L,Coal,NA,NA,NA,NA,NA
Philippines,2005,1A2L,Natural gas,NA,NA,NA,NA,NA
Philippines,2005,1A2L,Oil,NA,NA,NA,NA,NA
Philippines,2005,1A2M,Coal,NA,NA,NA,NA,NA
Philippines,2005,1A2M,Natural gas,NA,NA,NA,NA,NA
Philippines,2005,1A2M,Oil,NA,NA,NA,NA,NA
Philippines,2005,1A3,Coal,NA,NA,NA,NA,NA
Philippines,2005,1A3,Natural gas,NA,NA,NA,NA,NA
Philippines,2005,1A3,Oil,NA,NA,NA,NA,NA
Philippines,2005,1A3A,Coal,NA,NA,NA,NA,NA
Philippines,2005,1A3A,Natural gas,NA,NA,NA,NA,NA
Philippines,2005,1A3A,Oil,NA,NA,NA,NA,NA
Philippines,2005,1A3A1,Coal,NA,NA,NA,NA,NA
Philippines,2005,1A3A1,Natural gas,NA,NA,NA,NA,NA
Philippines,2005,1A3A1,Oil,NA,NA,NA,NA,NA
Philippines,2005,1A3A2,Coal,NA,NA,NA,NA,NA
Philippines,2005,1A3A2,Natural gas,NA,NA,NA,NA,NA
Philippines,2005,1A3A2,Oil,NA,NA,NA,NA,NA
Philippines,2005,1A3B,Coal,NA,NA,NA,NA,NA
Philippines,2005,1A3B,Natural gas,NA,NA,NA,NA,NA
Philippines,2005,1A3B,Oil,NA,NA,NA,NA,NA
Philippines,2005,1A3C,Coal,NA,NA,NA,NA,NA
Philippines,2005,1A3C,Natural gas,NA,NA,NA,NA,NA
Philippines,2005,1A3C,Oil,NA,NA,NA,NA,NA
Philippines,2005,1A3D,Coal,NA,NA,NA,NA,NA
Philippines,2005,1A3D,Natural gas,NA,NA,NA,NA,NA
Philippines,2005,1A3D,Oil,NA,NA,NA,NA,NA
Philippines,2005,1A3D1,Coal,NA,NA,NA,NA,NA
Philippines,2005,1A3D1,Natural gas,NA,NA,NA,NA,NA
Philippines,2005,1A3D1,Oil,NA,NA,NA,NA,NA
Philippines,2005,1A3D2,Coal,NA,NA,NA,NA,NA
Philippines,2005,1A3D2,Natural gas,NA,NA,NA,NA,NA
Philippines,2005,1A3D2,Oil,NA,NA,NA,NA,NA
Philippines,2005,1A3E,Coal,NA,NA,NA,NA,NA
Philippines,2005,1A3E,Natural gas,NA,NA,NA,NA,NA
Philippines,2005,1A3E,Oil,NA,NA,NA,NA,NA
Philippines,2005,1A3E1,Coal,NA,NA,NA,NA,NA
Philippines,2005,1A3E1,Natural gas,NA,NA,NA,NA,NA
Philippines,2005,1A3E1,Oil,NA,NA,NA,NA,NA
Philippines,2005,1A4,Coal,NA,NA,NA,NA,NA
Philippines,2005,1A4,Natural gas,NA,NA,NA,NA,NA
Philippines,2005,1A4,Oil,NA,NA,NA,NA,NA
Philippines,2005,1A4A,Coal,NA,NA,NA,NA,NA
Philippines,2005,1A4A,Natural gas,NA,NA,NA,NA,NA
Philippines,2005,1A4A,Oil,NA,NA,NA,NA,NA
Philippines,2005,1A4B,Coal,NA,NA,NA,NA,NA
Philippines,2005,1A4B,Natural gas,NA,NA,NA,NA,NA
Philippines,2005,1A4B,Oil,NA,NA,NA,NA,NA
Philippines,2005,1A4C,Coal,NA,NA,NA,NA,NA
Philippines,2005,1A4C,Natural gas,NA,NA,NA,NA,NA
Philippines,2005,1A4C,Oil,NA,NA,NA,NA,NA
Philippines,2005,1A4C1,Coal,NA,NA,NA,NA,NA
Philippines,2005,1A4C1,Natural gas,NA,NA,NA,NA,NA
Philippines,2005,1A4C1,Oil,NA,NA,NA,NA,NA
Philippines,2005,1A4C2,Coal,NA,NA,NA,NA,NA
Philippines,2005,1A4C2,Natural gas,NA,NA,NA,NA,NA
Philippines,2005,1A4C2,Oil,NA,NA,NA,NA,NA
Philippines,2005,1A4C3,Coal,NA,NA,NA,NA,NA
Philippines,2005,1A4C3,Natural gas,NA,NA,NA,NA,NA
Philippines,2005,1A4C3,Oil,NA,NA,NA,NA,NA
Philippines,2005,1A5,Coal,NA,NA,NA,NA,NA
Philippines,2005,1A5,Natural gas,NA,NA,NA,NA,NA
Philippines,2005,1A5,Oil,NA,NA,NA,NA,NA
Philippines,2005,1A5A,Coal,NA,NA,NA,NA,NA
Philippines,2005,1A5A,Natural gas,NA,NA,NA,NA,NA
Philippines,2005,1A5A,Oil,NA,NA,NA,NA,NA
Philippines,2005,1A5B,Coal,NA,NA,NA,NA,NA
Philippines,2005,1A5B,Natural gas,NA,NA,NA,NA,NA
Philippines,2005,1A5B,Oil,NA,NA,NA,NA,NA
Philippines,2005,1A5C,Coal,NA,NA,NA,NA,NA
Philippines,2005,1A5C,Natural gas,NA,NA,NA,NA,NA
Philippines,2005,1A5C,Oil,NA,NA,NA,NA,NA
Philippines,2005,1B,NA,NA,NA,NA,NA,NA
Philippines,2005,1B1,NA,NA,NA,NA,NA,NA
Philippines,2005,1B1A,NA,NA,NA,NA,NA,NA
Philippines,2005,1B1A1,NA,NA,NA,NA,NA,NA
Philippines,2005,1B1A11,NA,NA,NA,NA,NA,NA
Philippines,2005,1B1A12,NA,NA,NA,NA,NA,NA
Philippines,2005,1B1A13,NA,NA,NA,NA,NA,NA
Philippines,2005,1B1A14,NA,NA,NA,NA,NA,NA
Philippines,2005,1B1A2,NA,NA,NA,NA,NA,NA
Philippines,2005,1B1A21,NA,NA,NA,NA,NA,NA
Philippines,2005,1B1A22,NA,NA,NA,NA,NA,NA
Philippines,2005,1B1B,NA,NA,NA,NA,NA,NA
Philippines,2005,1B2,NA,NA,NA,NA,NA,NA
Philippines,2005,1B2A,NA,NA,NA,NA,NA,NA
Philippines,2005,1B2A1,NA,NA,NA,NA,NA,NA
Philippines,2005,1B2A2,NA,NA,NA,NA,NA,NA
Philippines,2005,1B2A3,NA,NA,NA,NA,NA,NA
Philippines,2005,1B2A31,NA,NA,NA,NA,NA,NA
Philippines,2005,1B2A32,NA,NA,NA,NA,NA,NA
Philippines,2005,1B2A33,NA,NA,NA,NA,NA,NA
Philippines,2005,1B2A34,NA,NA,NA,NA,NA,NA
Philippines,2005,1B2A35,NA,NA,NA,NA,NA,NA
Philippines,2005,1B2A36,NA,NA,NA,NA,NA,NA
Philippines,2005,1B2B,NA,NA,NA,NA,NA,NA
Philippines,2005,1B2B1,NA,NA,NA,NA,NA,NA
Philippines,2005,1B2B2,NA,NA,NA,NA,NA,NA
Philippines,2005,1B2B3,NA,NA,NA,NA,NA,NA
Philippines,2005,1B2B31,NA,NA,NA,NA,NA,NA
Philippines,2005,1B2B32,NA,NA,NA,NA,NA,NA
Philippines,2005,1B2B33,NA,NA,NA,NA,NA,NA
Philippines,2005,1B2B34,NA,NA,NA,NA,NA,NA
Philippines,2005,1B2B35,NA,NA,NA,NA,NA,NA
Philippines,2005,1B2B36,NA,NA,NA,NA,NA,NA
Philippines,2005,1B3,NA,NA,NA,NA,NA,NA
Philippines,2005,1C,NA,NA,NA,NA,NA,NA
Philippines,2005,1C1,NA,NA,NA,NA,NA,NA
Philippines,2005,1C1A,NA,NA,NA,NA,NA,NA
Philippines,2005,1C1B,NA,NA,NA,NA,NA,NA
Philippines,2005,1C1C,NA,NA,NA,NA,NA,NA
Philippines,2005,1C2,NA,NA,NA,NA,NA,NA
Philippines,2005,1C2A,NA,NA,NA,NA,NA,NA
Philippines,2005,1C2B,NA,NA,NA,NA,NA,NA
Philippines,2005,1C3,NA,NA,NA,NA,NA,NA
Philippines,2005,2A,NA,NA,NA,NA,NA,NA
Philippines,2005,2A1,NA,NA,NA,NA,NA,NA
Philippines,2005,2A2,NA,NA,NA,NA,NA,NA
Philippines,2005,2A3,NA,NA,NA,NA,NA,NA
Philippines,2005,2A4,NA,NA,NA,NA,NA,NA
Philippines,2005,2A4A,NA,NA,NA,NA,NA,NA
Philippines,2005,2A4B,NA,NA,NA,NA,NA,NA
Philippines,2005,2A4C,NA,NA,NA,NA,NA,NA
Philippines,2005,2A4D,NA,NA,NA,NA,NA,NA
Philippines,2005,2B,NA,NA,NA,NA,NA,NA
Philippines,2005,2B1,NA,NA,NA,NA,NA,NA
Philippines,2005,2B10,NA,NA,NA,NA,NA,NA
Philippines,2005,2B2,NA,NA,NA,NA,NA,NA
Philippines,2005,2B3,NA,NA,NA,NA,NA,NA
Philippines,2005,2B4,NA,NA,NA,NA,NA,NA
Philippines,2005,2B5,NA,NA,NA,NA,NA,NA
Philippines,2005,2B6,NA,NA,NA,NA,NA,NA
Philippines,2005,2B7,NA,NA,NA,NA,NA,NA
Philippines,2005,2B8,NA,NA,NA,NA,NA,NA
Philippines,2005,2B8A,NA,NA,NA,NA,NA,NA
Philippines,2005,2B8B,NA,NA,NA,NA,NA,NA
Philippines,2005,2B8C,NA,NA,NA,NA,NA,NA
Philippines,2005,2B8D,NA,NA,NA,NA,NA,NA
Philippines,2005,2B8E,NA,NA,NA,NA,NA,NA
Philippines,2005,2B8F,NA,NA,NA,NA,NA,NA
Philippines,2005,2B9,NA,NA,NA,NA,NA,NA
Philippines,2005,2B9A,NA,NA,NA,NA,NA,NA
Philippines,2005,2B9B,NA,NA,NA,NA,NA,NA
Philippines,2005,2C,NA,NA,NA,NA,NA,NA
Philippines,2005,2C1,NA,NA,NA,NA,NA,NA
Philippines,2005,2C2,NA,NA,NA,NA,NA,NA
Philippines,2005,2C3,NA,NA,NA,NA,NA,NA
Philippines,2005,2C4,NA,NA,NA,NA,NA,NA
Philippines,2005,2C5,NA,NA,NA,NA,NA,NA
Philippines,2005,2C6,NA,NA,NA,NA,NA,NA
Philippines,2005,2C7,NA,NA,NA,NA,NA,NA
Philippines,2005,2D,NA,NA,NA,NA,NA,NA
Philippines,2005,2D1,NA,NA,NA,NA,NA,NA
Philippines,2005,2D2,NA,NA,NA,NA,NA,NA
Philippines,2005,2D3,NA,NA,NA,NA,NA,NA
Philippines,2005,2D4,NA,NA,NA,NA,NA,NA
Philippines,2005,2E,NA,NA,NA,NA,NA,NA
Philippines,2005,2E1,NA,NA,NA,NA,NA,NA
Philippines,2005,2E2,NA,NA,NA,NA,NA,NA
Philippines,2005,2E3,NA,NA,NA,NA,NA,NA
Philippines,2005,2E4,NA,NA,NA,NA,NA,NA
Philippines,2005,2E5,NA,NA,NA,NA,NA,NA
Philippines,2005,2F,NA,NA,NA,NA,NA,NA
Philippines,2005,2F1,NA,NA,NA,NA,NA,NA
Philippines,2005,2F2,NA,NA,NA,NA,NA,NA
Philippines,2005,2F3,NA,NA,NA,NA,NA,NA
Philippines,2005,2F4,NA,NA,NA,NA,NA,NA
Philippines,2005,2F5,NA,NA,NA,NA,NA,NA
Philippines,2005,2F6,NA,NA,NA,NA,NA,NA
Philippines,2005,2G,NA,NA,NA,NA,NA,NA
Philippines,2005,2G1,NA,NA,NA,NA,NA,NA
Philippines,2005,2G2,NA,NA,NA,NA,NA,NA
Philippines,2005,2G3,NA,NA,NA,NA,NA,NA
Philippines,2005,2G4,NA,NA,NA,NA,NA,NA
Philippines,2005,2H,NA,NA,NA,NA,NA,NA
Philippines,2005,2H1,NA,NA,NA,NA,NA,NA
Philippines,2005,2H2,NA,NA,NA,NA,NA,NA
Philippines,2005,2H3,NA,NA,NA,NA,NA,NA
Philippines,2005,3A,NA,NA,NA,NA,NA,NA
Philippines,2005,3A1,NA,NA,NA,NA,NA,NA
Philippines,2005,3A2,NA,NA,NA,NA,NA,NA
Philippines,2005,3B,NA,NA,NA,NA,NA,NA
Philippines,2005,3B1,NA,NA,NA,NA,NA,NA
Philippines,2005,3B1A,NA,NA,NA,NA,NA,NA
Philippines,2005,3B1B,NA,NA,NA,NA,NA,NA
Philippines,2005,3B2,NA,NA,NA,NA,NA,NA
Philippines,2005,3B2A,NA,NA,NA,NA,NA,NA
Philippines,2005,3B2B,NA,NA,NA,NA,NA,NA
Philippines,2005,3B3,NA,NA,NA,NA,NA,NA
Philippines,2005,3B3A,NA,NA,NA,NA,NA,NA
Philippines,2005,3B3B,NA,NA,NA,NA,NA,NA
Philippines,2005,3B4,NA,NA,NA,NA,NA,NA
Philippines,2005,3B4A,NA,NA,NA,NA,NA,NA
Philippines,2005,3B4B,NA,NA,NA,NA,NA,NA
Philippines,2005,3B5,NA,NA,NA,NA,NA,NA
Philippines,2005,3B5A,NA,NA,NA,NA,NA,NA
Philippines,2005,3B5B,NA,NA,NA,NA,NA,NA
Philippines,2005,3B6,NA,NA,NA,NA,NA,NA
Philippines,2005,3B6A,NA,NA,NA,NA,NA,NA
Philippines,2005,3B6B,NA,NA,NA,NA,NA,NA
Philippines,2005,3B6B1,NA,NA,NA,NA,NA,NA
Philippines,2005,3B6B2,NA,NA,NA,NA,NA,NA
Philippines,2005,3B6B3,NA,NA,NA,NA,NA,NA
Philippines,2005,3B6B4,NA,NA,NA,NA,NA,NA
Philippines,2005,3B6B5,NA,NA,NA,NA,NA,NA
Philippines,2005,3C,NA,NA,NA,NA,NA,NA
Philippines,2005,3C1,NA,NA,NA,NA,NA,NA
Philippines,2005,3C2,NA,NA,NA,NA,NA,NA
Philippines,2005,3C3,NA,NA,NA,NA,NA,NA
Philippines,2005,3C4,NA,NA,NA,NA,NA,NA
Philippines,2005,3C5,NA,NA,NA,NA,NA,NA
Philippines,2005,3C6,NA,NA,NA,NA,NA,NA
Philippines,2005,3C7,NA,NA,NA,NA,NA,NA
Philippines,2005,3C8,NA,NA,NA,NA,NA,NA
Philippines,2005,3D,NA,NA,NA,NA,NA,NA
Philippines,2005,3D1,NA,NA,NA,NA,NA,NA
Philippines,2005,3D2,NA,NA,NA,NA,NA,NA
Philippines,2005,4A,NA,NA,NA,NA,NA,NA
Philippines,2005,4A1,NA,NA,NA,NA,NA,NA
Philippines,2005,4A2,NA,NA,NA,NA,NA,NA
Philippines,2005,4A3,NA,NA,NA,NA,NA,NA
Philippines,2005,4B,NA,NA,NA,NA,NA,NA
Philippines,2005,4C,NA,NA,NA,NA,NA,NA
Philippines,2005,4C1,NA,NA,NA,NA,NA,NA
Philippines,2005,4C2,NA,NA,NA,NA,NA,NA
Philippines,2005,4D,NA,NA,NA,NA,NA,NA
Philippines,2005,4D1,NA,NA,NA,NA,NA,NA
Philippines,2005,4D2,NA,NA,NA,NA,NA,NA
Philippines,2005,4E,NA,NA,NA,NA,NA,NA
Philippines,2005,5A,NA,NA,NA,NA,NA,NA
Philippines,2005,5A1,NA,NA,NA,NA,NA,NA
Philippines,2005,5A2,NA,NA,NA,NA,NA,NA
Philippines,2006,0,NA,NA,NA,NA,NA,NA
Philippines,2006,1,NA,NA,NA,NA,NA,NA
Philippines,2006,2,NA,NA,NA,NA,NA,NA
Philippines,2006,3,NA,NA,NA,NA,NA,NA
Philippines,2006,4,NA,NA,NA,NA,NA,NA
Philippines,2006,5,NA,NA,NA,NA,NA,NA
Philippines,2006,1A,Coal,NA,NA,NA,NA,NA
Philippines,2006,1A,Natural gas,NA,NA,NA,NA,NA
Philippines,2006,1A,Oil,NA,NA,NA,NA,NA
Philippines,2006,1A1,Coal,NA,NA,NA,NA,NA
Philippines,2006,1A1,Natural gas,NA,NA,NA,NA,NA
Philippines,2006,1A1,Oil,NA,NA,NA,NA,NA
Philippines,2006,1A1A,Coal,NA,NA,NA,NA,NA
Philippines,2006,1A1A,Natural gas,NA,NA,NA,NA,NA
Philippines,2006,1A1A,Oil,NA,NA,NA,NA,NA
Philippines,2006,1A1A1,Coal,NA,NA,NA,NA,NA
Philippines,2006,1A1A1,Natural gas,NA,NA,NA,NA,NA
Philippines,2006,1A1A1,Oil,NA,NA,NA,NA,NA
Philippines,2006,1A1A2,Coal,NA,NA,NA,NA,NA
Philippines,2006,1A1A2,Natural gas,NA,NA,NA,NA,NA
Philippines,2006,1A1A2,Oil,NA,NA,NA,NA,NA
Philippines,2006,1A1A3,Coal,NA,NA,NA,NA,NA
Philippines,2006,1A1A3,Natural gas,NA,NA,NA,NA,NA
Philippines,2006,1A1A3,Oil,NA,NA,NA,NA,NA
Philippines,2006,1A1B,Coal,NA,NA,NA,NA,NA
Philippines,2006,1A1B,Natural gas,NA,NA,NA,NA,NA
Philippines,2006,1A1B,Oil,NA,NA,NA,NA,NA
Philippines,2006,1A1C,Coal,NA,NA,NA,NA,NA
Philippines,2006,1A1C,Natural gas,NA,NA,NA,NA,NA
Philippines,2006,1A1C,Oil,NA,NA,NA,NA,NA
Philippines,2006,1A2,Coal,NA,NA,NA,NA,NA
Philippines,2006,1A2,Natural gas,NA,NA,NA,NA,NA
Philippines,2006,1A2,Oil,NA,NA,NA,NA,NA
Philippines,2006,1A2A,Coal,NA,NA,NA,NA,NA
Philippines,2006,1A2A,Natural gas,NA,NA,NA,NA,NA
Philippines,2006,1A2A,Oil,NA,NA,NA,NA,NA
Philippines,2006,1A2B,Coal,NA,NA,NA,NA,NA
Philippines,2006,1A2B,Natural gas,NA,NA,NA,NA,NA
Philippines,2006,1A2B,Oil,NA,NA,NA,NA,NA
Philippines,2006,1A2C,Coal,NA,NA,NA,NA,NA
Philippines,2006,1A2C,Natural gas,NA,NA,NA,NA,NA
Philippines,2006,1A2C,Oil,NA,NA,NA,NA,NA
Philippines,2006,1A2D,Coal,NA,NA,NA,NA,NA
Philippines,2006,1A2D,Natural gas,NA,NA,NA,NA,NA
Philippines,2006,1A2D,Oil,NA,NA,NA,NA,NA
Philippines,2006,1A2E,Coal,NA,NA,NA,NA,NA
Philippines,2006,1A2E,Natural gas,NA,NA,NA,NA,NA
Philippines,2006,1A2E,Oil,NA,NA,NA,NA,NA
Philippines,2006,1A2F,Coal,NA,NA,NA,NA,NA
Philippines,2006,1A2F,Natural gas,NA,NA,NA,NA,NA
Philippines,2006,1A2F,Oil,NA,NA,NA,NA,NA
Philippines,2006,1A2G,Coal,NA,NA,NA,NA,NA
Philippines,2006,1A2G,Natural gas,NA,NA,NA,NA,NA
Philippines,2006,1A2G,Oil,NA,NA,NA,NA,NA
Philippines,2006,1A2H,Coal,NA,NA,NA,NA,NA
Philippines,2006,1A2H,Natural gas,NA,NA,NA,NA,NA
Philippines,2006,1A2H,Oil,NA,NA,NA,NA,NA
Philippines,2006,1A2I,Coal,NA,NA,NA,NA,NA
Philippines,2006,1A2I,Natural gas,NA,NA,NA,NA,NA
Philippines,2006,1A2I,Oil,NA,NA,NA,NA,NA
Philippines,2006,1A2J,Coal,NA,NA,NA,NA,NA
Philippines,2006,1A2J,Natural gas,NA,NA,NA,NA,NA
Philippines,2006,1A2J,Oil,NA,NA,NA,NA,NA
Philippines,2006,1A2K,Coal,NA,NA,NA,NA,NA
Philippines,2006,1A2K,Natural gas,NA,NA,NA,NA,NA
Philippines,2006,1A2K,Oil,NA,NA,NA,NA,NA
Philippines,2006,1A2L,Coal,NA,NA,NA,NA,NA
Philippines,2006,1A2L,Natural gas,NA,NA,NA,NA,NA
Philippines,2006,1A2L,Oil,NA,NA,NA,NA,NA
Philippines,2006,1A2M,Coal,NA,NA,NA,NA,NA
Philippines,2006,1A2M,Natural gas,NA,NA,NA,NA,NA
Philippines,2006,1A2M,Oil,NA,NA,NA,NA,NA
Philippines,2006,1A3,Coal,NA,NA,NA,NA,NA
Philippines,2006,1A3,Natural gas,NA,NA,NA,NA,NA
Philippines,2006,1A3,Oil,NA,NA,NA,NA,NA
Philippines,2006,1A3A,Coal,NA,NA,NA,NA,NA
Philippines,2006,1A3A,Natural gas,NA,NA,NA,NA,NA
Philippines,2006,1A3A,Oil,NA,NA,NA,NA,NA
Philippines,2006,1A3A1,Coal,NA,NA,NA,NA,NA
Philippines,2006,1A3A1,Natural gas,NA,NA,NA,NA,NA
Philippines,2006,1A3A1,Oil,NA,NA,NA,NA,NA
Philippines,2006,1A3A2,Coal,NA,NA,NA,NA,NA
Philippines,2006,1A3A2,Natural gas,NA,NA,NA,NA,NA
Philippines,2006,1A3A2,Oil,NA,NA,NA,NA,NA
Philippines,2006,1A3B,Coal,NA,NA,NA,NA,NA
Philippines,2006,1A3B,Natural gas,NA,NA,NA,NA,NA
Philippines,2006,1A3B,Oil,NA,NA,NA,NA,NA
Philippines,2006,1A3C,Coal,NA,NA,NA,NA,NA
Philippines,2006,1A3C,Natural gas,NA,NA,NA,NA,NA
Philippines,2006,1A3C,Oil,NA,NA,NA,NA,NA
Philippines,2006,1A3D,Coal,NA,NA,NA,NA,NA
Philippines,2006,1A3D,Natural gas,NA,NA,NA,NA,NA
Philippines,2006,1A3D,Oil,NA,NA,NA,NA,NA
Philippines,2006,1A3D1,Coal,NA,NA,NA,NA,NA
Philippines,2006,1A3D1,Natural gas,NA,NA,NA,NA,NA
Philippines,2006,1A3D1,Oil,NA,NA,NA,NA,NA
Philippines,2006,1A3D2,Coal,NA,NA,NA,NA,NA
Philippines,2006,1A3D2,Natural gas,NA,NA,NA,NA,NA
Philippines,2006,1A3D2,Oil,NA,NA,NA,NA,NA
Philippines,2006,1A3E,Coal,NA,NA,NA,NA,NA
Philippines,2006,1A3E,Natural gas,NA,NA,NA,NA,NA
Philippines,2006,1A3E,Oil,NA,NA,NA,NA,NA
Philippines,2006,1A3E1,Coal,NA,NA,NA,NA,NA
Philippines,2006,1A3E1,Natural gas,NA,NA,NA,NA,NA
Philippines,2006,1A3E1,Oil,NA,NA,NA,NA,NA
Philippines,2006,1A4,Coal,NA,NA,NA,NA,NA
Philippines,2006,1A4,Natural gas,NA,NA,NA,NA,NA
Philippines,2006,1A4,Oil,NA,NA,NA,NA,NA
Philippines,2006,1A4A,Coal,NA,NA,NA,NA,NA
Philippines,2006,1A4A,Natural gas,NA,NA,NA,NA,NA
Philippines,2006,1A4A,Oil,NA,NA,NA,NA,NA
Philippines,2006,1A4B,Coal,NA,NA,NA,NA,NA
Philippines,2006,1A4B,Natural gas,NA,NA,NA,NA,NA
Philippines,2006,1A4B,Oil,NA,NA,NA,NA,NA
Philippines,2006,1A4C,Coal,NA,NA,NA,NA,NA
Philippines,2006,1A4C,Natural gas,NA,NA,NA,NA,NA
Philippines,2006,1A4C,Oil,NA,NA,NA,NA,NA
Philippines,2006,1A4C1,Coal,NA,NA,NA,NA,NA
Philippines,2006,1A4C1,Natural gas,NA,NA,NA,NA,NA
Philippines,2006,1A4C1,Oil,NA,NA,NA,NA,NA
Philippines,2006,1A4C2,Coal,NA,NA,NA,NA,NA
Philippines,2006,1A4C2,Natural gas,NA,NA,NA,NA,NA
Philippines,2006,1A4C2,Oil,NA,NA,NA,NA,NA
Philippines,2006,1A4C3,Coal,NA,NA,NA,NA,NA
Philippines,2006,1A4C3,Natural gas,NA,NA,NA,NA,NA
Philippines,2006,1A4C3,Oil,NA,NA,NA,NA,NA
Philippines,2006,1A5,Coal,NA,NA,NA,NA,NA
Philippines,2006,1A5,Natural gas,NA,NA,NA,NA,NA
Philippines,2006,1A5,Oil,NA,NA,NA,NA,NA
Philippines,2006,1A5A,Coal,NA,NA,NA,NA,NA
Philippines,2006,1A5A,Natural gas,NA,NA,NA,NA,NA
Philippines,2006,1A5A,Oil,NA,NA,NA,NA,NA
Philippines,2006,1A5B,Coal,NA,NA,NA,NA,NA
Philippines,2006,1A5B,Natural gas,NA,NA,NA,NA,NA
Philippines,2006,1A5B,Oil,NA,NA,NA,NA,NA
Philippines,2006,1A5C,Coal,NA,NA,NA,NA,NA
Philippines,2006,1A5C,Natural gas,NA,NA,NA,NA,NA
Philippines,2006,1A5C,Oil,NA,NA,NA,NA,NA
Philippines,2006,1B,NA,NA,NA,NA,NA,NA
Philippines,2006,1B1,NA,NA,NA,NA,NA,NA
Philippines,2006,1B1A,NA,NA,NA,NA,NA,NA
Philippines,2006,1B1A1,NA,NA,NA,NA,NA,NA
Philippines,2006,1B1A11,NA,NA,NA,NA,NA,NA
Philippines,2006,1B1A12,NA,NA,NA,NA,NA,NA
Philippines,2006,1B1A13,NA,NA,NA,NA,NA,NA
Philippines,2006,1B1A14,NA,NA,NA,NA,NA,NA
Philippines,2006,1B1A2,NA,NA,NA,NA,NA,NA
Philippines,2006,1B1A21,NA,NA,NA,NA,NA,NA
Philippines,2006,1B1A22,NA,NA,NA,NA,NA,NA
Philippines,2006,1B1B,NA,NA,NA,NA,NA,NA
Philippines,2006,1B2,NA,NA,NA,NA,NA,NA
Philippines,2006,1B2A,NA,NA,NA,NA,NA,NA
Philippines,2006,1B2A1,NA,NA,NA,NA,NA,NA
Philippines,2006,1B2A2,NA,NA,NA,NA,NA,NA
Philippines,2006,1B2A3,NA,NA,NA,NA,NA,NA
Philippines,2006,1B2A31,NA,NA,NA,NA,NA,NA
Philippines,2006,1B2A32,NA,NA,NA,NA,NA,NA
Philippines,2006,1B2A33,NA,NA,NA,NA,NA,NA
Philippines,2006,1B2A34,NA,NA,NA,NA,NA,NA
Philippines,2006,1B2A35,NA,NA,NA,NA,NA,NA
Philippines,2006,1B2A36,NA,NA,NA,NA,NA,NA
Philippines,2006,1B2B,NA,NA,NA,NA,NA,NA
Philippines,2006,1B2B1,NA,NA,NA,NA,NA,NA
Philippines,2006,1B2B2,NA,NA,NA,NA,NA,NA
Philippines,2006,1B2B3,NA,NA,NA,NA,NA,NA
Philippines,2006,1B2B31,NA,NA,NA,NA,NA,NA
Philippines,2006,1B2B32,NA,NA,NA,NA,NA,NA
Philippines,2006,1B2B33,NA,NA,NA,NA,NA,NA
Philippines,2006,1B2B34,NA,NA,NA,NA,NA,NA
Philippines,2006,1B2B35,NA,NA,NA,NA,NA,NA
Philippines,2006,1B2B36,NA,NA,NA,NA,NA,NA
Philippines,2006,1B3,NA,NA,NA,NA,NA,NA
Philippines,2006,1C,NA,NA,NA,NA,NA,NA
Philippines,2006,1C1,NA,NA,NA,NA,NA,NA
Philippines,2006,1C1A,NA,NA,NA,NA,NA,NA
Philippines,2006,1C1B,NA,NA,NA,NA,NA,NA
Philippines,2006,1C1C,NA,NA,NA,NA,NA,NA
Philippines,2006,1C2,NA,NA,NA,NA,NA,NA
Philippines,2006,1C2A,NA,NA,NA,NA,NA,NA
Philippines,2006,1C2B,NA,NA,NA,NA,NA,NA
Philippines,2006,1C3,NA,NA,NA,NA,NA,NA
Philippines,2006,2A,NA,NA,NA,NA,NA,NA
Philippines,2006,2A1,NA,NA,NA,NA,NA,NA
Philippines,2006,2A2,NA,NA,NA,NA,NA,NA
Philippines,2006,2A3,NA,NA,NA,NA,NA,NA
Philippines,2006,2A4,NA,NA,NA,NA,NA,NA
Philippines,2006,2A4A,NA,NA,NA,NA,NA,NA
Philippines,2006,2A4B,NA,NA,NA,NA,NA,NA
Philippines,2006,2A4C,NA,NA,NA,NA,NA,NA
Philippines,2006,2A4D,NA,NA,NA,NA,NA,NA
Philippines,2006,2B,NA,NA,NA,NA,NA,NA
Philippines,2006,2B1,NA,NA,NA,NA,NA,NA
Philippines,2006,2B10,NA,NA,NA,NA,NA,NA
Philippines,2006,2B2,NA,NA,NA,NA,NA,NA
Philippines,2006,2B3,NA,NA,NA,NA,NA,NA
Philippines,2006,2B4,NA,NA,NA,NA,NA,NA
Philippines,2006,2B5,NA,NA,NA,NA,NA,NA
Philippines,2006,2B6,NA,NA,NA,NA,NA,NA
Philippines,2006,2B7,NA,NA,NA,NA,NA,NA
Philippines,2006,2B8,NA,NA,NA,NA,NA,NA
Philippines,2006,2B8A,NA,NA,NA,NA,NA,NA
Philippines,2006,2B8B,NA,NA,NA,NA,NA,NA
Philippines,2006,2B8C,NA,NA,NA,NA,NA,NA
Philippines,2006,2B8D,NA,NA,NA,NA,NA,NA
Philippines,2006,2B8E,NA,NA,NA,NA,NA,NA
Philippines,2006,2B8F,NA,NA,NA,NA,NA,NA
Philippines,2006,2B9,NA,NA,NA,NA,NA,NA
Philippines,2006,2B9A,NA,NA,NA,NA,NA,NA
Philippines,2006,2B9B,NA,NA,NA,NA,NA,NA
Philippines,2006,2C,NA,NA,NA,NA,NA,NA
Philippines,2006,2C1,NA,NA,NA,NA,NA,NA
Philippines,2006,2C2,NA,NA,NA,NA,NA,NA
Philippines,2006,2C3,NA,NA,NA,NA,NA,NA
Philippines,2006,2C4,NA,NA,NA,NA,NA,NA
Philippines,2006,2C5,NA,NA,NA,NA,NA,NA
Philippines,2006,2C6,NA,NA,NA,NA,NA,NA
Philippines,2006,2C7,NA,NA,NA,NA,NA,NA
Philippines,2006,2D,NA,NA,NA,NA,NA,NA
Philippines,2006,2D1,NA,NA,NA,NA,NA,NA
Philippines,2006,2D2,NA,NA,NA,NA,NA,NA
Philippines,2006,2D3,NA,NA,NA,NA,NA,NA
Philippines,2006,2D4,NA,NA,NA,NA,NA,NA
Philippines,2006,2E,NA,NA,NA,NA,NA,NA
Philippines,2006,2E1,NA,NA,NA,NA,NA,NA
Philippines,2006,2E2,NA,NA,NA,NA,NA,NA
Philippines,2006,2E3,NA,NA,NA,NA,NA,NA
Philippines,2006,2E4,NA,NA,NA,NA,NA,NA
Philippines,2006,2E5,NA,NA,NA,NA,NA,NA
Philippines,2006,2F,NA,NA,NA,NA,NA,NA
Philippines,2006,2F1,NA,NA,NA,NA,NA,NA
Philippines,2006,2F2,NA,NA,NA,NA,NA,NA
Philippines,2006,2F3,NA,NA,NA,NA,NA,NA
Philippines,2006,2F4,NA,NA,NA,NA,NA,NA
Philippines,2006,2F5,NA,NA,NA,NA,NA,NA
Philippines,2006,2F6,NA,NA,NA,NA,NA,NA
Philippines,2006,2G,NA,NA,NA,NA,NA,NA
Philippines,2006,2G1,NA,NA,NA,NA,NA,NA
Philippines,2006,2G2,NA,NA,NA,NA,NA,NA
Philippines,2006,2G3,NA,NA,NA,NA,NA,NA
Philippines,2006,2G4,NA,NA,NA,NA,NA,NA
Philippines,2006,2H,NA,NA,NA,NA,NA,NA
Philippines,2006,2H1,NA,NA,NA,NA,NA,NA
Philippines,2006,2H2,NA,NA,NA,NA,NA,NA
Philippines,2006,2H3,NA,NA,NA,NA,NA,NA
Philippines,2006,3A,NA,NA,NA,NA,NA,NA
Philippines,2006,3A1,NA,NA,NA,NA,NA,NA
Philippines,2006,3A2,NA,NA,NA,NA,NA,NA
Philippines,2006,3B,NA,NA,NA,NA,NA,NA
Philippines,2006,3B1,NA,NA,NA,NA,NA,NA
Philippines,2006,3B1A,NA,NA,NA,NA,NA,NA
Philippines,2006,3B1B,NA,NA,NA,NA,NA,NA
Philippines,2006,3B2,NA,NA,NA,NA,NA,NA
Philippines,2006,3B2A,NA,NA,NA,NA,NA,NA
Philippines,2006,3B2B,NA,NA,NA,NA,NA,NA
Philippines,2006,3B3,NA,NA,NA,NA,NA,NA
Philippines,2006,3B3A,NA,NA,NA,NA,NA,NA
Philippines,2006,3B3B,NA,NA,NA,NA,NA,NA
Philippines,2006,3B4,NA,NA,NA,NA,NA,NA
Philippines,2006,3B4A,NA,NA,NA,NA,NA,NA
Philippines,2006,3B4B,NA,NA,NA,NA,NA,NA
Philippines,2006,3B5,NA,NA,NA,NA,NA,NA
Philippines,2006,3B5A,NA,NA,NA,NA,NA,NA
Philippines,2006,3B5B,NA,NA,NA,NA,NA,NA
Philippines,2006,3B6,NA,NA,NA,NA,NA,NA
Philippines,2006,3B6A,NA,NA,NA,NA,NA,NA
Philippines,2006,3B6B,NA,NA,NA,NA,NA,NA
Philippines,2006,3B6B1,NA,NA,NA,NA,NA,NA
Philippines,2006,3B6B2,NA,NA,NA,NA,NA,NA
Philippines,2006,3B6B3,NA,NA,NA,NA,NA,NA
Philippines,2006,3B6B4,NA,NA,NA,NA,NA,NA
Philippines,2006,3B6B5,NA,NA,NA,NA,NA,NA
Philippines,2006,3C,NA,NA,NA,NA,NA,NA
Philippines,2006,3C1,NA,NA,NA,NA,NA,NA
Philippines,2006,3C2,NA,NA,NA,NA,NA,NA
Philippines,2006,3C3,NA,NA,NA,NA,NA,NA
Philippines,2006,3C4,NA,NA,NA,NA,NA,NA
Philippines,2006,3C5,NA,NA,NA,NA,NA,NA
Philippines,2006,3C6,NA,NA,NA,NA,NA,NA
Philippines,2006,3C7,NA,NA,NA,NA,NA,NA
Philippines,2006,3C8,NA,NA,NA,NA,NA,NA
Philippines,2006,3D,NA,NA,NA,NA,NA,NA
Philippines,2006,3D1,NA,NA,NA,NA,NA,NA
Philippines,2006,3D2,NA,NA,NA,NA,NA,NA
Philippines,2006,4A,NA,NA,NA,NA,NA,NA
Philippines,2006,4A1,NA,NA,NA,NA,NA,NA
Philippines,2006,4A2,NA,NA,NA,NA,NA,NA
Philippines,2006,4A3,NA,NA,NA,NA,NA,NA
Philippines,2006,4B,NA,NA,NA,NA,NA,NA
Philippines,2006,4C,NA,NA,NA,NA,NA,NA
Philippines,2006,4C1,NA,NA,NA,NA,NA,NA
Philippines,2006,4C2,NA,NA,NA,NA,NA,NA
Philippines,2006,4D,NA,NA,NA,NA,NA,NA
Philippines,2006,4D1,NA,NA,NA,NA,NA,NA
Philippines,2006,4D2,NA,NA,NA,NA,NA,NA
Philippines,2006,4E,NA,NA,NA,NA,NA,NA
Philippines,2006,5A,NA,NA,NA,NA,NA,NA
Philippines,2006,5A1,NA,NA,NA,NA,NA,NA
Philippines,2006,5A2,NA,NA,NA,NA,NA,NA
Philippines,2007,0,NA,NA,NA,NA,NA,NA
Philippines,2007,1,NA,NA,NA,NA,NA,NA
Philippines,2007,2,NA,NA,NA,NA,NA,NA
Philippines,2007,3,NA,NA,NA,NA,NA,NA
Philippines,2007,4,NA,NA,NA,NA,NA,NA
Philippines,2007,5,NA,NA,NA,NA,NA,NA
Philippines,2007,1A,Coal,NA,NA,NA,NA,NA
Philippines,2007,1A,Natural gas,NA,NA,NA,NA,NA
Philippines,2007,1A,Oil,NA,NA,NA,NA,NA
Philippines,2007,1A1,Coal,NA,NA,NA,NA,NA
Philippines,2007,1A1,Natural gas,NA,NA,NA,NA,NA
Philippines,2007,1A1,Oil,NA,NA,NA,NA,NA
Philippines,2007,1A1A,Coal,NA,NA,NA,NA,NA
Philippines,2007,1A1A,Natural gas,NA,NA,NA,NA,NA
Philippines,2007,1A1A,Oil,NA,NA,NA,NA,NA
Philippines,2007,1A1A1,Coal,NA,NA,NA,NA,NA
Philippines,2007,1A1A1,Natural gas,NA,NA,NA,NA,NA
Philippines,2007,1A1A1,Oil,NA,NA,NA,NA,NA
Philippines,2007,1A1A2,Coal,NA,NA,NA,NA,NA
Philippines,2007,1A1A2,Natural gas,NA,NA,NA,NA,NA
Philippines,2007,1A1A2,Oil,NA,NA,NA,NA,NA
Philippines,2007,1A1A3,Coal,NA,NA,NA,NA,NA
Philippines,2007,1A1A3,Natural gas,NA,NA,NA,NA,NA
Philippines,2007,1A1A3,Oil,NA,NA,NA,NA,NA
Philippines,2007,1A1B,Coal,NA,NA,NA,NA,NA
Philippines,2007,1A1B,Natural gas,NA,NA,NA,NA,NA
Philippines,2007,1A1B,Oil,NA,NA,NA,NA,NA
Philippines,2007,1A1C,Coal,NA,NA,NA,NA,NA
Philippines,2007,1A1C,Natural gas,NA,NA,NA,NA,NA
Philippines,2007,1A1C,Oil,NA,NA,NA,NA,NA
Philippines,2007,1A2,Coal,NA,NA,NA,NA,NA
Philippines,2007,1A2,Natural gas,NA,NA,NA,NA,NA
Philippines,2007,1A2,Oil,NA,NA,NA,NA,NA
Philippines,2007,1A2A,Coal,NA,NA,NA,NA,NA
Philippines,2007,1A2A,Natural gas,NA,NA,NA,NA,NA
Philippines,2007,1A2A,Oil,NA,NA,NA,NA,NA
Philippines,2007,1A2B,Coal,NA,NA,NA,NA,NA
Philippines,2007,1A2B,Natural gas,NA,NA,NA,NA,NA
Philippines,2007,1A2B,Oil,NA,NA,NA,NA,NA
Philippines,2007,1A2C,Coal,NA,NA,NA,NA,NA
Philippines,2007,1A2C,Natural gas,NA,NA,NA,NA,NA
Philippines,2007,1A2C,Oil,NA,NA,NA,NA,NA
Philippines,2007,1A2D,Coal,NA,NA,NA,NA,NA
Philippines,2007,1A2D,Natural gas,NA,NA,NA,NA,NA
Philippines,2007,1A2D,Oil,NA,NA,NA,NA,NA
Philippines,2007,1A2E,Coal,NA,NA,NA,NA,NA
Philippines,2007,1A2E,Natural gas,NA,NA,NA,NA,NA
Philippines,2007,1A2E,Oil,NA,NA,NA,NA,NA
Philippines,2007,1A2F,Coal,NA,NA,NA,NA,NA
Philippines,2007,1A2F,Natural gas,NA,NA,NA,NA,NA
Philippines,2007,1A2F,Oil,NA,NA,NA,NA,NA
Philippines,2007,1A2G,Coal,NA,NA,NA,NA,NA
Philippines,2007,1A2G,Natural gas,NA,NA,NA,NA,NA
Philippines,2007,1A2G,Oil,NA,NA,NA,NA,NA
Philippines,2007,1A2H,Coal,NA,NA,NA,NA,NA
Philippines,2007,1A2H,Natural gas,NA,NA,NA,NA,NA
Philippines,2007,1A2H,Oil,NA,NA,NA,NA,NA
Philippines,2007,1A2I,Coal,NA,NA,NA,NA,NA
Philippines,2007,1A2I,Natural gas,NA,NA,NA,NA,NA
Philippines,2007,1A2I,Oil,NA,NA,NA,NA,NA
Philippines,2007,1A2J,Coal,NA,NA,NA,NA,NA
Philippines,2007,1A2J,Natural gas,NA,NA,NA,NA,NA
Philippines,2007,1A2J,Oil,NA,NA,NA,NA,NA
Philippines,2007,1A2K,Coal,NA,NA,NA,NA,NA
Philippines,2007,1A2K,Natural gas,NA,NA,NA,NA,NA
Philippines,2007,1A2K,Oil,NA,NA,NA,NA,NA
Philippines,2007,1A2L,Coal,NA,NA,NA,NA,NA
Philippines,2007,1A2L,Natural gas,NA,NA,NA,NA,NA
Philippines,2007,1A2L,Oil,NA,NA,NA,NA,NA
Philippines,2007,1A2M,Coal,NA,NA,NA,NA,NA
Philippines,2007,1A2M,Natural gas,NA,NA,NA,NA,NA
Philippines,2007,1A2M,Oil,NA,NA,NA,NA,NA
Philippines,2007,1A3,Coal,NA,NA,NA,NA,NA
Philippines,2007,1A3,Natural gas,NA,NA,NA,NA,NA
Philippines,2007,1A3,Oil,NA,NA,NA,NA,NA
Philippines,2007,1A3A,Coal,NA,NA,NA,NA,NA
Philippines,2007,1A3A,Natural gas,NA,NA,NA,NA,NA
Philippines,2007,1A3A,Oil,NA,NA,NA,NA,NA
Philippines,2007,1A3A1,Coal,NA,NA,NA,NA,NA
Philippines,2007,1A3A1,Natural gas,NA,NA,NA,NA,NA
Philippines,2007,1A3A1,Oil,NA,NA,NA,NA,NA
Philippines,2007,1A3A2,Coal,NA,NA,NA,NA,NA
Philippines,2007,1A3A2,Natural gas,NA,NA,NA,NA,NA
Philippines,2007,1A3A2,Oil,NA,NA,NA,NA,NA
Philippines,2007,1A3B,Coal,NA,NA,NA,NA,NA
Philippines,2007,1A3B,Natural gas,NA,NA,NA,NA,NA
Philippines,2007,1A3B,Oil,NA,NA,NA,NA,NA
Philippines,2007,1A3C,Coal,NA,NA,NA,NA,NA
Philippines,2007,1A3C,Natural gas,NA,NA,NA,NA,NA
Philippines,2007,1A3C,Oil,NA,NA,NA,NA,NA
Philippines,2007,1A3D,Coal,NA,NA,NA,NA,NA
Philippines,2007,1A3D,Natural gas,NA,NA,NA,NA,NA
Philippines,2007,1A3D,Oil,NA,NA,NA,NA,NA
Philippines,2007,1A3D1,Coal,NA,NA,NA,NA,NA
Philippines,2007,1A3D1,Natural gas,NA,NA,NA,NA,NA
Philippines,2007,1A3D1,Oil,NA,NA,NA,NA,NA
Philippines,2007,1A3D2,Coal,NA,NA,NA,NA,NA
Philippines,2007,1A3D2,Natural gas,NA,NA,NA,NA,NA
Philippines,2007,1A3D2,Oil,NA,NA,NA,NA,NA
Philippines,2007,1A3E,Coal,NA,NA,NA,NA,NA
Philippines,2007,1A3E,Natural gas,NA,NA,NA,NA,NA
Philippines,2007,1A3E,Oil,NA,NA,NA,NA,NA
Philippines,2007,1A3E1,Coal,NA,NA,NA,NA,NA
Philippines,2007,1A3E1,Natural gas,NA,NA,NA,NA,NA
Philippines,2007,1A3E1,Oil,NA,NA,NA,NA,NA
Philippines,2007,1A4,Coal,NA,NA,NA,NA,NA
Philippines,2007,1A4,Natural gas,NA,NA,NA,NA,NA
Philippines,2007,1A4,Oil,NA,NA,NA,NA,NA
Philippines,2007,1A4A,Coal,NA,NA,NA,NA,NA
Philippines,2007,1A4A,Natural gas,NA,NA,NA,NA,NA
Philippines,2007,1A4A,Oil,NA,NA,NA,NA,NA
Philippines,2007,1A4B,Coal,NA,NA,NA,NA,NA
Philippines,2007,1A4B,Natural gas,NA,NA,NA,NA,NA
Philippines,2007,1A4B,Oil,NA,NA,NA,NA,NA
Philippines,2007,1A4C,Coal,NA,NA,NA,NA,NA
Philippines,2007,1A4C,Natural gas,NA,NA,NA,NA,NA
Philippines,2007,1A4C,Oil,NA,NA,NA,NA,NA
Philippines,2007,1A4C1,Coal,NA,NA,NA,NA,NA
Philippines,2007,1A4C1,Natural gas,NA,NA,NA,NA,NA
Philippines,2007,1A4C1,Oil,NA,NA,NA,NA,NA
Philippines,2007,1A4C2,Coal,NA,NA,NA,NA,NA
Philippines,2007,1A4C2,Natural gas,NA,NA,NA,NA,NA
Philippines,2007,1A4C2,Oil,NA,NA,NA,NA,NA
Philippines,2007,1A4C3,Coal,NA,NA,NA,NA,NA
Philippines,2007,1A4C3,Natural gas,NA,NA,NA,NA,NA
Philippines,2007,1A4C3,Oil,NA,NA,NA,NA,NA
Philippines,2007,1A5,Coal,NA,NA,NA,NA,NA
Philippines,2007,1A5,Natural gas,NA,NA,NA,NA,NA
Philippines,2007,1A5,Oil,NA,NA,NA,NA,NA
Philippines,2007,1A5A,Coal,NA,NA,NA,NA,NA
Philippines,2007,1A5A,Natural gas,NA,NA,NA,NA,NA
Philippines,2007,1A5A,Oil,NA,NA,NA,NA,NA
Philippines,2007,1A5B,Coal,NA,NA,NA,NA,NA
Philippines,2007,1A5B,Natural gas,NA,NA,NA,NA,NA
Philippines,2007,1A5B,Oil,NA,NA,NA,NA,NA
Philippines,2007,1A5C,Coal,NA,NA,NA,NA,NA
Philippines,2007,1A5C,Natural gas,NA,NA,NA,NA,NA
Philippines,2007,1A5C,Oil,NA,NA,NA,NA,NA
Philippines,2007,1B,NA,NA,NA,NA,NA,NA
Philippines,2007,1B1,NA,NA,NA,NA,NA,NA
Philippines,2007,1B1A,NA,NA,NA,NA,NA,NA
Philippines,2007,1B1A1,NA,NA,NA,NA,NA,NA
Philippines,2007,1B1A11,NA,NA,NA,NA,NA,NA
Philippines,2007,1B1A12,NA,NA,NA,NA,NA,NA
Philippines,2007,1B1A13,NA,NA,NA,NA,NA,NA
Philippines,2007,1B1A14,NA,NA,NA,NA,NA,NA
Philippines,2007,1B1A2,NA,NA,NA,NA,NA,NA
Philippines,2007,1B1A21,NA,NA,NA,NA,NA,NA
Philippines,2007,1B1A22,NA,NA,NA,NA,NA,NA
Philippines,2007,1B1B,NA,NA,NA,NA,NA,NA
Philippines,2007,1B2,NA,NA,NA,NA,NA,NA
Philippines,2007,1B2A,NA,NA,NA,NA,NA,NA
Philippines,2007,1B2A1,NA,NA,NA,NA,NA,NA
Philippines,2007,1B2A2,NA,NA,NA,NA,NA,NA
Philippines,2007,1B2A3,NA,NA,NA,NA,NA,NA
Philippines,2007,1B2A31,NA,NA,NA,NA,NA,NA
Philippines,2007,1B2A32,NA,NA,NA,NA,NA,NA
Philippines,2007,1B2A33,NA,NA,NA,NA,NA,NA
Philippines,2007,1B2A34,NA,NA,NA,NA,NA,NA
Philippines,2007,1B2A35,NA,NA,NA,NA,NA,NA
Philippines,2007,1B2A36,NA,NA,NA,NA,NA,NA
Philippines,2007,1B2B,NA,NA,NA,NA,NA,NA
Philippines,2007,1B2B1,NA,NA,NA,NA,NA,NA
Philippines,2007,1B2B2,NA,NA,NA,NA,NA,NA
Philippines,2007,1B2B3,NA,NA,NA,NA,NA,NA
Philippines,2007,1B2B31,NA,NA,NA,NA,NA,NA
Philippines,2007,1B2B32,NA,NA,NA,NA,NA,NA
Philippines,2007,1B2B33,NA,NA,NA,NA,NA,NA
Philippines,2007,1B2B34,NA,NA,NA,NA,NA,NA
Philippines,2007,1B2B35,NA,NA,NA,NA,NA,NA
Philippines,2007,1B2B36,NA,NA,NA,NA,NA,NA
Philippines,2007,1B3,NA,NA,NA,NA,NA,NA
Philippines,2007,1C,NA,NA,NA,NA,NA,NA
Philippines,2007,1C1,NA,NA,NA,NA,NA,NA
Philippines,2007,1C1A,NA,NA,NA,NA,NA,NA
Philippines,2007,1C1B,NA,NA,NA,NA,NA,NA
Philippines,2007,1C1C,NA,NA,NA,NA,NA,NA
Philippines,2007,1C2,NA,NA,NA,NA,NA,NA
Philippines,2007,1C2A,NA,NA,NA,NA,NA,NA
Philippines,2007,1C2B,NA,NA,NA,NA,NA,NA
Philippines,2007,1C3,NA,NA,NA,NA,NA,NA
Philippines,2007,2A,NA,NA,NA,NA,NA,NA
Philippines,2007,2A1,NA,NA,NA,NA,NA,NA
Philippines,2007,2A2,NA,NA,NA,NA,NA,NA
Philippines,2007,2A3,NA,NA,NA,NA,NA,NA
Philippines,2007,2A4,NA,NA,NA,NA,NA,NA
Philippines,2007,2A4A,NA,NA,NA,NA,NA,NA
Philippines,2007,2A4B,NA,NA,NA,NA,NA,NA
Philippines,2007,2A4C,NA,NA,NA,NA,NA,NA
Philippines,2007,2A4D,NA,NA,NA,NA,NA,NA
Philippines,2007,2B,NA,NA,NA,NA,NA,NA
Philippines,2007,2B1,NA,NA,NA,NA,NA,NA
Philippines,2007,2B10,NA,NA,NA,NA,NA,NA
Philippines,2007,2B2,NA,NA,NA,NA,NA,NA
Philippines,2007,2B3,NA,NA,NA,NA,NA,NA
Philippines,2007,2B4,NA,NA,NA,NA,NA,NA
Philippines,2007,2B5,NA,NA,NA,NA,NA,NA
Philippines,2007,2B6,NA,NA,NA,NA,NA,NA
Philippines,2007,2B7,NA,NA,NA,NA,NA,NA
Philippines,2007,2B8,NA,NA,NA,NA,NA,NA
Philippines,2007,2B8A,NA,NA,NA,NA,NA,NA
Philippines,2007,2B8B,NA,NA,NA,NA,NA,NA
Philippines,2007,2B8C,NA,NA,NA,NA,NA,NA
Philippines,2007,2B8D,NA,NA,NA,NA,NA,NA
Philippines,2007,2B8E,NA,NA,NA,NA,NA,NA
Philippines,2007,2B8F,NA,NA,NA,NA,NA,NA
Philippines,2007,2B9,NA,NA,NA,NA,NA,NA
Philippines,2007,2B9A,NA,NA,NA,NA,NA,NA
Philippines,2007,2B9B,NA,NA,NA,NA,NA,NA
Philippines,2007,2C,NA,NA,NA,NA,NA,NA
Philippines,2007,2C1,NA,NA,NA,NA,NA,NA
Philippines,2007,2C2,NA,NA,NA,NA,NA,NA
Philippines,2007,2C3,NA,NA,NA,NA,NA,NA
Philippines,2007,2C4,NA,NA,NA,NA,NA,NA
Philippines,2007,2C5,NA,NA,NA,NA,NA,NA
Philippines,2007,2C6,NA,NA,NA,NA,NA,NA
Philippines,2007,2C7,NA,NA,NA,NA,NA,NA
Philippines,2007,2D,NA,NA,NA,NA,NA,NA
Philippines,2007,2D1,NA,NA,NA,NA,NA,NA
Philippines,2007,2D2,NA,NA,NA,NA,NA,NA
Philippines,2007,2D3,NA,NA,NA,NA,NA,NA
Philippines,2007,2D4,NA,NA,NA,NA,NA,NA
Philippines,2007,2E,NA,NA,NA,NA,NA,NA
Philippines,2007,2E1,NA,NA,NA,NA,NA,NA
Philippines,2007,2E2,NA,NA,NA,NA,NA,NA
Philippines,2007,2E3,NA,NA,NA,NA,NA,NA
Philippines,2007,2E4,NA,NA,NA,NA,NA,NA
Philippines,2007,2E5,NA,NA,NA,NA,NA,NA
Philippines,2007,2F,NA,NA,NA,NA,NA,NA
Philippines,2007,2F1,NA,NA,NA,NA,NA,NA
Philippines,2007,2F2,NA,NA,NA,NA,NA,NA
Philippines,2007,2F3,NA,NA,NA,NA,NA,NA
Philippines,2007,2F4,NA,NA,NA,NA,NA,NA
Philippines,2007,2F5,NA,NA,NA,NA,NA,NA
Philippines,2007,2F6,NA,NA,NA,NA,NA,NA
Philippines,2007,2G,NA,NA,NA,NA,NA,NA
Philippines,2007,2G1,NA,NA,NA,NA,NA,NA
Philippines,2007,2G2,NA,NA,NA,NA,NA,NA
Philippines,2007,2G3,NA,NA,NA,NA,NA,NA
Philippines,2007,2G4,NA,NA,NA,NA,NA,NA
Philippines,2007,2H,NA,NA,NA,NA,NA,NA
Philippines,2007,2H1,NA,NA,NA,NA,NA,NA
Philippines,2007,2H2,NA,NA,NA,NA,NA,NA
Philippines,2007,2H3,NA,NA,NA,NA,NA,NA
Philippines,2007,3A,NA,NA,NA,NA,NA,NA
Philippines,2007,3A1,NA,NA,NA,NA,NA,NA
Philippines,2007,3A2,NA,NA,NA,NA,NA,NA
Philippines,2007,3B,NA,NA,NA,NA,NA,NA
Philippines,2007,3B1,NA,NA,NA,NA,NA,NA
Philippines,2007,3B1A,NA,NA,NA,NA,NA,NA
Philippines,2007,3B1B,NA,NA,NA,NA,NA,NA
Philippines,2007,3B2,NA,NA,NA,NA,NA,NA
Philippines,2007,3B2A,NA,NA,NA,NA,NA,NA
Philippines,2007,3B2B,NA,NA,NA,NA,NA,NA
Philippines,2007,3B3,NA,NA,NA,NA,NA,NA
Philippines,2007,3B3A,NA,NA,NA,NA,NA,NA
Philippines,2007,3B3B,NA,NA,NA,NA,NA,NA
Philippines,2007,3B4,NA,NA,NA,NA,NA,NA
Philippines,2007,3B4A,NA,NA,NA,NA,NA,NA
Philippines,2007,3B4B,NA,NA,NA,NA,NA,NA
Philippines,2007,3B5,NA,NA,NA,NA,NA,NA
Philippines,2007,3B5A,NA,NA,NA,NA,NA,NA
Philippines,2007,3B5B,NA,NA,NA,NA,NA,NA
Philippines,2007,3B6,NA,NA,NA,NA,NA,NA
Philippines,2007,3B6A,NA,NA,NA,NA,NA,NA
Philippines,2007,3B6B,NA,NA,NA,NA,NA,NA
Philippines,2007,3B6B1,NA,NA,NA,NA,NA,NA
Philippines,2007,3B6B2,NA,NA,NA,NA,NA,NA
Philippines,2007,3B6B3,NA,NA,NA,NA,NA,NA
Philippines,2007,3B6B4,NA,NA,NA,NA,NA,NA
Philippines,2007,3B6B5,NA,NA,NA,NA,NA,NA
Philippines,2007,3C,NA,NA,NA,NA,NA,NA
Philippines,2007,3C1,NA,NA,NA,NA,NA,NA
Philippines,2007,3C2,NA,NA,NA,NA,NA,NA
Philippines,2007,3C3,NA,NA,NA,NA,NA,NA
Philippines,2007,3C4,NA,NA,NA,NA,NA,NA
Philippines,2007,3C5,NA,NA,NA,NA,NA,NA
Philippines,2007,3C6,NA,NA,NA,NA,NA,NA
Philippines,2007,3C7,NA,NA,NA,NA,NA,NA
Philippines,2007,3C8,NA,NA,NA,NA,NA,NA
Philippines,2007,3D,NA,NA,NA,NA,NA,NA
Philippines,2007,3D1,NA,NA,NA,NA,NA,NA
Philippines,2007,3D2,NA,NA,NA,NA,NA,NA
Philippines,2007,4A,NA,NA,NA,NA,NA,NA
Philippines,2007,4A1,NA,NA,NA,NA,NA,NA
Philippines,2007,4A2,NA,NA,NA,NA,NA,NA
Philippines,2007,4A3,NA,NA,NA,NA,NA,NA
Philippines,2007,4B,NA,NA,NA,NA,NA,NA
Philippines,2007,4C,NA,NA,NA,NA,NA,NA
Philippines,2007,4C1,NA,NA,NA,NA,NA,NA
Philippines,2007,4C2,NA,NA,NA,NA,NA,NA
Philippines,2007,4D,NA,NA,NA,NA,NA,NA
Philippines,2007,4D1,NA,NA,NA,NA,NA,NA
Philippines,2007,4D2,NA,NA,NA,NA,NA,NA
Philippines,2007,4E,NA,NA,NA,NA,NA,NA
Philippines,2007,5A,NA,NA,NA,NA,NA,NA
Philippines,2007,5A1,NA,NA,NA,NA,NA,NA
Philippines,2007,5A2,NA,NA,NA,NA,NA,NA
Philippines,2008,0,NA,NA,NA,NA,NA,NA
Philippines,2008,1,NA,NA,NA,NA,NA,NA
Philippines,2008,2,NA,NA,NA,NA,NA,NA
Philippines,2008,3,NA,NA,NA,NA,NA,NA
Philippines,2008,4,NA,NA,NA,NA,NA,NA
Philippines,2008,5,NA,NA,NA,NA,NA,NA
Philippines,2008,1A,Coal,NA,NA,NA,NA,NA
Philippines,2008,1A,Natural gas,NA,NA,NA,NA,NA
Philippines,2008,1A,Oil,NA,NA,NA,NA,NA
Philippines,2008,1A1,Coal,NA,NA,NA,NA,NA
Philippines,2008,1A1,Natural gas,NA,NA,NA,NA,NA
Philippines,2008,1A1,Oil,NA,NA,NA,NA,NA
Philippines,2008,1A1A,Coal,NA,NA,NA,NA,NA
Philippines,2008,1A1A,Natural gas,NA,NA,NA,NA,NA
Philippines,2008,1A1A,Oil,NA,NA,NA,NA,NA
Philippines,2008,1A1A1,Coal,NA,NA,NA,NA,NA
Philippines,2008,1A1A1,Natural gas,NA,NA,NA,NA,NA
Philippines,2008,1A1A1,Oil,NA,NA,NA,NA,NA
Philippines,2008,1A1A2,Coal,NA,NA,NA,NA,NA
Philippines,2008,1A1A2,Natural gas,NA,NA,NA,NA,NA
Philippines,2008,1A1A2,Oil,NA,NA,NA,NA,NA
Philippines,2008,1A1A3,Coal,NA,NA,NA,NA,NA
Philippines,2008,1A1A3,Natural gas,NA,NA,NA,NA,NA
Philippines,2008,1A1A3,Oil,NA,NA,NA,NA,NA
Philippines,2008,1A1B,Coal,NA,NA,NA,NA,NA
Philippines,2008,1A1B,Natural gas,NA,NA,NA,NA,NA
Philippines,2008,1A1B,Oil,NA,NA,NA,NA,NA
Philippines,2008,1A1C,Coal,NA,NA,NA,NA,NA
Philippines,2008,1A1C,Natural gas,NA,NA,NA,NA,NA
Philippines,2008,1A1C,Oil,NA,NA,NA,NA,NA
Philippines,2008,1A2,Coal,NA,NA,NA,NA,NA
Philippines,2008,1A2,Natural gas,NA,NA,NA,NA,NA
Philippines,2008,1A2,Oil,NA,NA,NA,NA,NA
Philippines,2008,1A2A,Coal,NA,NA,NA,NA,NA
Philippines,2008,1A2A,Natural gas,NA,NA,NA,NA,NA
Philippines,2008,1A2A,Oil,NA,NA,NA,NA,NA
Philippines,2008,1A2B,Coal,NA,NA,NA,NA,NA
Philippines,2008,1A2B,Natural gas,NA,NA,NA,NA,NA
Philippines,2008,1A2B,Oil,NA,NA,NA,NA,NA
Philippines,2008,1A2C,Coal,NA,NA,NA,NA,NA
Philippines,2008,1A2C,Natural gas,NA,NA,NA,NA,NA
Philippines,2008,1A2C,Oil,NA,NA,NA,NA,NA
Philippines,2008,1A2D,Coal,NA,NA,NA,NA,NA
Philippines,2008,1A2D,Natural gas,NA,NA,NA,NA,NA
Philippines,2008,1A2D,Oil,NA,NA,NA,NA,NA
Philippines,2008,1A2E,Coal,NA,NA,NA,NA,NA
Philippines,2008,1A2E,Natural gas,NA,NA,NA,NA,NA
Philippines,2008,1A2E,Oil,NA,NA,NA,NA,NA
Philippines,2008,1A2F,Coal,NA,NA,NA,NA,NA
Philippines,2008,1A2F,Natural gas,NA,NA,NA,NA,NA
Philippines,2008,1A2F,Oil,NA,NA,NA,NA,NA
Philippines,2008,1A2G,Coal,NA,NA,NA,NA,NA
Philippines,2008,1A2G,Natural gas,NA,NA,NA,NA,NA
Philippines,2008,1A2G,Oil,NA,NA,NA,NA,NA
Philippines,2008,1A2H,Coal,NA,NA,NA,NA,NA
Philippines,2008,1A2H,Natural gas,NA,NA,NA,NA,NA
Philippines,2008,1A2H,Oil,NA,NA,NA,NA,NA
Philippines,2008,1A2I,Coal,NA,NA,NA,NA,NA
Philippines,2008,1A2I,Natural gas,NA,NA,NA,NA,NA
Philippines,2008,1A2I,Oil,NA,NA,NA,NA,NA
Philippines,2008,1A2J,Coal,NA,NA,NA,NA,NA
Philippines,2008,1A2J,Natural gas,NA,NA,NA,NA,NA
Philippines,2008,1A2J,Oil,NA,NA,NA,NA,NA
Philippines,2008,1A2K,Coal,NA,NA,NA,NA,NA
Philippines,2008,1A2K,Natural gas,NA,NA,NA,NA,NA
Philippines,2008,1A2K,Oil,NA,NA,NA,NA,NA
Philippines,2008,1A2L,Coal,NA,NA,NA,NA,NA
Philippines,2008,1A2L,Natural gas,NA,NA,NA,NA,NA
Philippines,2008,1A2L,Oil,NA,NA,NA,NA,NA
Philippines,2008,1A2M,Coal,NA,NA,NA,NA,NA
Philippines,2008,1A2M,Natural gas,NA,NA,NA,NA,NA
Philippines,2008,1A2M,Oil,NA,NA,NA,NA,NA
Philippines,2008,1A3,Coal,NA,NA,NA,NA,NA
Philippines,2008,1A3,Natural gas,NA,NA,NA,NA,NA
Philippines,2008,1A3,Oil,NA,NA,NA,NA,NA
Philippines,2008,1A3A,Coal,NA,NA,NA,NA,NA
Philippines,2008,1A3A,Natural gas,NA,NA,NA,NA,NA
Philippines,2008,1A3A,Oil,NA,NA,NA,NA,NA
Philippines,2008,1A3A1,Coal,NA,NA,NA,NA,NA
Philippines,2008,1A3A1,Natural gas,NA,NA,NA,NA,NA
Philippines,2008,1A3A1,Oil,NA,NA,NA,NA,NA
Philippines,2008,1A3A2,Coal,NA,NA,NA,NA,NA
Philippines,2008,1A3A2,Natural gas,NA,NA,NA,NA,NA
Philippines,2008,1A3A2,Oil,NA,NA,NA,NA,NA
Philippines,2008,1A3B,Coal,NA,NA,NA,NA,NA
Philippines,2008,1A3B,Natural gas,NA,NA,NA,NA,NA
Philippines,2008,1A3B,Oil,NA,NA,NA,NA,NA
Philippines,2008,1A3C,Coal,NA,NA,NA,NA,NA
Philippines,2008,1A3C,Natural gas,NA,NA,NA,NA,NA
Philippines,2008,1A3C,Oil,NA,NA,NA,NA,NA
Philippines,2008,1A3D,Coal,NA,NA,NA,NA,NA
Philippines,2008,1A3D,Natural gas,NA,NA,NA,NA,NA
Philippines,2008,1A3D,Oil,NA,NA,NA,NA,NA
Philippines,2008,1A3D1,Coal,NA,NA,NA,NA,NA
Philippines,2008,1A3D1,Natural gas,NA,NA,NA,NA,NA
Philippines,2008,1A3D1,Oil,NA,NA,NA,NA,NA
Philippines,2008,1A3D2,Coal,NA,NA,NA,NA,NA
Philippines,2008,1A3D2,Natural gas,NA,NA,NA,NA,NA
Philippines,2008,1A3D2,Oil,NA,NA,NA,NA,NA
Philippines,2008,1A3E,Coal,NA,NA,NA,NA,NA
Philippines,2008,1A3E,Natural gas,NA,NA,NA,NA,NA
Philippines,2008,1A3E,Oil,NA,NA,NA,NA,NA
Philippines,2008,1A3E1,Coal,NA,NA,NA,NA,NA
Philippines,2008,1A3E1,Natural gas,NA,NA,NA,NA,NA
Philippines,2008,1A3E1,Oil,NA,NA,NA,NA,NA
Philippines,2008,1A4,Coal,NA,NA,NA,NA,NA
Philippines,2008,1A4,Natural gas,NA,NA,NA,NA,NA
Philippines,2008,1A4,Oil,NA,NA,NA,NA,NA
Philippines,2008,1A4A,Coal,NA,NA,NA,NA,NA
Philippines,2008,1A4A,Natural gas,NA,NA,NA,NA,NA
Philippines,2008,1A4A,Oil,NA,NA,NA,NA,NA
Philippines,2008,1A4B,Coal,NA,NA,NA,NA,NA
Philippines,2008,1A4B,Natural gas,NA,NA,NA,NA,NA
Philippines,2008,1A4B,Oil,NA,NA,NA,NA,NA
Philippines,2008,1A4C,Coal,NA,NA,NA,NA,NA
Philippines,2008,1A4C,Natural gas,NA,NA,NA,NA,NA
Philippines,2008,1A4C,Oil,NA,NA,NA,NA,NA
Philippines,2008,1A4C1,Coal,NA,NA,NA,NA,NA
Philippines,2008,1A4C1,Natural gas,NA,NA,NA,NA,NA
Philippines,2008,1A4C1,Oil,NA,NA,NA,NA,NA
Philippines,2008,1A4C2,Coal,NA,NA,NA,NA,NA
Philippines,2008,1A4C2,Natural gas,NA,NA,NA,NA,NA
Philippines,2008,1A4C2,Oil,NA,NA,NA,NA,NA
Philippines,2008,1A4C3,Coal,NA,NA,NA,NA,NA
Philippines,2008,1A4C3,Natural gas,NA,NA,NA,NA,NA
Philippines,2008,1A4C3,Oil,NA,NA,NA,NA,NA
Philippines,2008,1A5,Coal,NA,NA,NA,NA,NA
Philippines,2008,1A5,Natural gas,NA,NA,NA,NA,NA
Philippines,2008,1A5,Oil,NA,NA,NA,NA,NA
Philippines,2008,1A5A,Coal,NA,NA,NA,NA,NA
Philippines,2008,1A5A,Natural gas,NA,NA,NA,NA,NA
Philippines,2008,1A5A,Oil,NA,NA,NA,NA,NA
Philippines,2008,1A5B,Coal,NA,NA,NA,NA,NA
Philippines,2008,1A5B,Natural gas,NA,NA,NA,NA,NA
Philippines,2008,1A5B,Oil,NA,NA,NA,NA,NA
Philippines,2008,1A5C,Coal,NA,NA,NA,NA,NA
Philippines,2008,1A5C,Natural gas,NA,NA,NA,NA,NA
Philippines,2008,1A5C,Oil,NA,NA,NA,NA,NA
Philippines,2008,1B,NA,NA,NA,NA,NA,NA
Philippines,2008,1B1,NA,NA,NA,NA,NA,NA
Philippines,2008,1B1A,NA,NA,NA,NA,NA,NA
Philippines,2008,1B1A1,NA,NA,NA,NA,NA,NA
Philippines,2008,1B1A11,NA,NA,NA,NA,NA,NA
Philippines,2008,1B1A12,NA,NA,NA,NA,NA,NA
Philippines,2008,1B1A13,NA,NA,NA,NA,NA,NA
Philippines,2008,1B1A14,NA,NA,NA,NA,NA,NA
Philippines,2008,1B1A2,NA,NA,NA,NA,NA,NA
Philippines,2008,1B1A21,NA,NA,NA,NA,NA,NA
Philippines,2008,1B1A22,NA,NA,NA,NA,NA,NA
Philippines,2008,1B1B,NA,NA,NA,NA,NA,NA
Philippines,2008,1B2,NA,NA,NA,NA,NA,NA
Philippines,2008,1B2A,NA,NA,NA,NA,NA,NA
Philippines,2008,1B2A1,NA,NA,NA,NA,NA,NA
Philippines,2008,1B2A2,NA,NA,NA,NA,NA,NA
Philippines,2008,1B2A3,NA,NA,NA,NA,NA,NA
Philippines,2008,1B2A31,NA,NA,NA,NA,NA,NA
Philippines,2008,1B2A32,NA,NA,NA,NA,NA,NA
Philippines,2008,1B2A33,NA,NA,NA,NA,NA,NA
Philippines,2008,1B2A34,NA,NA,NA,NA,NA,NA
Philippines,2008,1B2A35,NA,NA,NA,NA,NA,NA
Philippines,2008,1B2A36,NA,NA,NA,NA,NA,NA
Philippines,2008,1B2B,NA,NA,NA,NA,NA,NA
Philippines,2008,1B2B1,NA,NA,NA,NA,NA,NA
Philippines,2008,1B2B2,NA,NA,NA,NA,NA,NA
Philippines,2008,1B2B3,NA,NA,NA,NA,NA,NA
Philippines,2008,1B2B31,NA,NA,NA,NA,NA,NA
Philippines,2008,1B2B32,NA,NA,NA,NA,NA,NA
Philippines,2008,1B2B33,NA,NA,NA,NA,NA,NA
Philippines,2008,1B2B34,NA,NA,NA,NA,NA,NA
Philippines,2008,1B2B35,NA,NA,NA,NA,NA,NA
Philippines,2008,1B2B36,NA,NA,NA,NA,NA,NA
Philippines,2008,1B3,NA,NA,NA,NA,NA,NA
Philippines,2008,1C,NA,NA,NA,NA,NA,NA
Philippines,2008,1C1,NA,NA,NA,NA,NA,NA
Philippines,2008,1C1A,NA,NA,NA,NA,NA,NA
Philippines,2008,1C1B,NA,NA,NA,NA,NA,NA
Philippines,2008,1C1C,NA,NA,NA,NA,NA,NA
Philippines,2008,1C2,NA,NA,NA,NA,NA,NA
Philippines,2008,1C2A,NA,NA,NA,NA,NA,NA
Philippines,2008,1C2B,NA,NA,NA,NA,NA,NA
Philippines,2008,1C3,NA,NA,NA,NA,NA,NA
Philippines,2008,2A,NA,NA,NA,NA,NA,NA
Philippines,2008,2A1,NA,NA,NA,NA,NA,NA
Philippines,2008,2A2,NA,NA,NA,NA,NA,NA
Philippines,2008,2A3,NA,NA,NA,NA,NA,NA
Philippines,2008,2A4,NA,NA,NA,NA,NA,NA
Philippines,2008,2A4A,NA,NA,NA,NA,NA,NA
Philippines,2008,2A4B,NA,NA,NA,NA,NA,NA
Philippines,2008,2A4C,NA,NA,NA,NA,NA,NA
Philippines,2008,2A4D,NA,NA,NA,NA,NA,NA
Philippines,2008,2B,NA,NA,NA,NA,NA,NA
Philippines,2008,2B1,NA,NA,NA,NA,NA,NA
Philippines,2008,2B10,NA,NA,NA,NA,NA,NA
Philippines,2008,2B2,NA,NA,NA,NA,NA,NA
Philippines,2008,2B3,NA,NA,NA,NA,NA,NA
Philippines,2008,2B4,NA,NA,NA,NA,NA,NA
Philippines,2008,2B5,NA,NA,NA,NA,NA,NA
Philippines,2008,2B6,NA,NA,NA,NA,NA,NA
Philippines,2008,2B7,NA,NA,NA,NA,NA,NA
Philippines,2008,2B8,NA,NA,NA,NA,NA,NA
Philippines,2008,2B8A,NA,NA,NA,NA,NA,NA
Philippines,2008,2B8B,NA,NA,NA,NA,NA,NA
Philippines,2008,2B8C,NA,NA,NA,NA,NA,NA
Philippines,2008,2B8D,NA,NA,NA,NA,NA,NA
Philippines,2008,2B8E,NA,NA,NA,NA,NA,NA
Philippines,2008,2B8F,NA,NA,NA,NA,NA,NA
Philippines,2008,2B9,NA,NA,NA,NA,NA,NA
Philippines,2008,2B9A,NA,NA,NA,NA,NA,NA
Philippines,2008,2B9B,NA,NA,NA,NA,NA,NA
Philippines,2008,2C,NA,NA,NA,NA,NA,NA
Philippines,2008,2C1,NA,NA,NA,NA,NA,NA
Philippines,2008,2C2,NA,NA,NA,NA,NA,NA
Philippines,2008,2C3,NA,NA,NA,NA,NA,NA
Philippines,2008,2C4,NA,NA,NA,NA,NA,NA
Philippines,2008,2C5,NA,NA,NA,NA,NA,NA
Philippines,2008,2C6,NA,NA,NA,NA,NA,NA
Philippines,2008,2C7,NA,NA,NA,NA,NA,NA
Philippines,2008,2D,NA,NA,NA,NA,NA,NA
Philippines,2008,2D1,NA,NA,NA,NA,NA,NA
Philippines,2008,2D2,NA,NA,NA,NA,NA,NA
Philippines,2008,2D3,NA,NA,NA,NA,NA,NA
Philippines,2008,2D4,NA,NA,NA,NA,NA,NA
Philippines,2008,2E,NA,NA,NA,NA,NA,NA
Philippines,2008,2E1,NA,NA,NA,NA,NA,NA
Philippines,2008,2E2,NA,NA,NA,NA,NA,NA
Philippines,2008,2E3,NA,NA,NA,NA,NA,NA
Philippines,2008,2E4,NA,NA,NA,NA,NA,NA
Philippines,2008,2E5,NA,NA,NA,NA,NA,NA
Philippines,2008,2F,NA,NA,NA,NA,NA,NA
Philippines,2008,2F1,NA,NA,NA,NA,NA,NA
Philippines,2008,2F2,NA,NA,NA,NA,NA,NA
Philippines,2008,2F3,NA,NA,NA,NA,NA,NA
Philippines,2008,2F4,NA,NA,NA,NA,NA,NA
Philippines,2008,2F5,NA,NA,NA,NA,NA,NA
Philippines,2008,2F6,NA,NA,NA,NA,NA,NA
Philippines,2008,2G,NA,NA,NA,NA,NA,NA
Philippines,2008,2G1,NA,NA,NA,NA,NA,NA
Philippines,2008,2G2,NA,NA,NA,NA,NA,NA
Philippines,2008,2G3,NA,NA,NA,NA,NA,NA
Philippines,2008,2G4,NA,NA,NA,NA,NA,NA
Philippines,2008,2H,NA,NA,NA,NA,NA,NA
Philippines,2008,2H1,NA,NA,NA,NA,NA,NA
Philippines,2008,2H2,NA,NA,NA,NA,NA,NA
Philippines,2008,2H3,NA,NA,NA,NA,NA,NA
Philippines,2008,3A,NA,NA,NA,NA,NA,NA
Philippines,2008,3A1,NA,NA,NA,NA,NA,NA
Philippines,2008,3A2,NA,NA,NA,NA,NA,NA
Philippines,2008,3B,NA,NA,NA,NA,NA,NA
Philippines,2008,3B1,NA,NA,NA,NA,NA,NA
Philippines,2008,3B1A,NA,NA,NA,NA,NA,NA
Philippines,2008,3B1B,NA,NA,NA,NA,NA,NA
Philippines,2008,3B2,NA,NA,NA,NA,NA,NA
Philippines,2008,3B2A,NA,NA,NA,NA,NA,NA
Philippines,2008,3B2B,NA,NA,NA,NA,NA,NA
Philippines,2008,3B3,NA,NA,NA,NA,NA,NA
Philippines,2008,3B3A,NA,NA,NA,NA,NA,NA
Philippines,2008,3B3B,NA,NA,NA,NA,NA,NA
Philippines,2008,3B4,NA,NA,NA,NA,NA,NA
Philippines,2008,3B4A,NA,NA,NA,NA,NA,NA
Philippines,2008,3B4B,NA,NA,NA,NA,NA,NA
Philippines,2008,3B5,NA,NA,NA,NA,NA,NA
Philippines,2008,3B5A,NA,NA,NA,NA,NA,NA
Philippines,2008,3B5B,NA,NA,NA,NA,NA,NA
Philippines,2008,3B6,NA,NA,NA,NA,NA,NA
Philippines,2008,3B6A,NA,NA,NA,NA,NA,NA
Philippines,2008,3B6B,NA,NA,NA,NA,NA,NA
Philippines,2008,3B6B1,NA,NA,NA,NA,NA,NA
Philippines,2008,3B6B2,NA,NA,NA,NA,NA,NA
Philippines,2008,3B6B3,NA,NA,NA,NA,NA,NA
Philippines,2008,3B6B4,NA,NA,NA,NA,NA,NA
Philippines,2008,3B6B5,NA,NA,NA,NA,NA,NA
Philippines,2008,3C,NA,NA,NA,NA,NA,NA
Philippines,2008,3C1,NA,NA,NA,NA,NA,NA
Philippines,2008,3C2,NA,NA,NA,NA,NA,NA
Philippines,2008,3C3,NA,NA,NA,NA,NA,NA
Philippines,2008,3C4,NA,NA,NA,NA,NA,NA
Philippines,2008,3C5,NA,NA,NA,NA,NA,NA
Philippines,2008,3C6,NA,NA,NA,NA,NA,NA
Philippines,2008,3C7,NA,NA,NA,NA,NA,NA
Philippines,2008,3C8,NA,NA,NA,NA,NA,NA
Philippines,2008,3D,NA,NA,NA,NA,NA,NA
Philippines,2008,3D1,NA,NA,NA,NA,NA,NA
Philippines,2008,3D2,NA,NA,NA,NA,NA,NA
Philippines,2008,4A,NA,NA,NA,NA,NA,NA
Philippines,2008,4A1,NA,NA,NA,NA,NA,NA
Philippines,2008,4A2,NA,NA,NA,NA,NA,NA
Philippines,2008,4A3,NA,NA,NA,NA,NA,NA
Philippines,2008,4B,NA,NA,NA,NA,NA,NA
Philippines,2008,4C,NA,NA,NA,NA,NA,NA
Philippines,2008,4C1,NA,NA,NA,NA,NA,NA
Philippines,2008,4C2,NA,NA,NA,NA,NA,NA
Philippines,2008,4D,NA,NA,NA,NA,NA,NA
Philippines,2008,4D1,NA,NA,NA,NA,NA,NA
Philippines,2008,4D2,NA,NA,NA,NA,NA,NA
Philippines,2008,4E,NA,NA,NA,NA,NA,NA
Philippines,2008,5A,NA,NA,NA,NA,NA,NA
Philippines,2008,5A1,NA,NA,NA,NA,NA,NA
Philippines,2008,5A2,NA,NA,NA,NA,NA,NA
Philippines,2009,0,NA,NA,NA,NA,NA,NA
Philippines,2009,1,NA,NA,NA,NA,NA,NA
Philippines,2009,2,NA,NA,NA,NA,NA,NA
Philippines,2009,3,NA,NA,NA,NA,NA,NA
Philippines,2009,4,NA,NA,NA,NA,NA,NA
Philippines,2009,5,NA,NA,NA,NA,NA,NA
Philippines,2009,1A,Coal,NA,NA,NA,NA,NA
Philippines,2009,1A,Natural gas,NA,NA,NA,NA,NA
Philippines,2009,1A,Oil,NA,NA,NA,NA,NA
Philippines,2009,1A1,Coal,NA,NA,NA,NA,NA
Philippines,2009,1A1,Natural gas,NA,NA,NA,NA,NA
Philippines,2009,1A1,Oil,NA,NA,NA,NA,NA
Philippines,2009,1A1A,Coal,NA,NA,NA,NA,NA
Philippines,2009,1A1A,Natural gas,NA,NA,NA,NA,NA
Philippines,2009,1A1A,Oil,NA,NA,NA,NA,NA
Philippines,2009,1A1A1,Coal,NA,NA,NA,NA,NA
Philippines,2009,1A1A1,Natural gas,NA,NA,NA,NA,NA
Philippines,2009,1A1A1,Oil,NA,NA,NA,NA,NA
Philippines,2009,1A1A2,Coal,NA,NA,NA,NA,NA
Philippines,2009,1A1A2,Natural gas,NA,NA,NA,NA,NA
Philippines,2009,1A1A2,Oil,NA,NA,NA,NA,NA
Philippines,2009,1A1A3,Coal,NA,NA,NA,NA,NA
Philippines,2009,1A1A3,Natural gas,NA,NA,NA,NA,NA
Philippines,2009,1A1A3,Oil,NA,NA,NA,NA,NA
Philippines,2009,1A1B,Coal,NA,NA,NA,NA,NA
Philippines,2009,1A1B,Natural gas,NA,NA,NA,NA,NA
Philippines,2009,1A1B,Oil,NA,NA,NA,NA,NA
Philippines,2009,1A1C,Coal,NA,NA,NA,NA,NA
Philippines,2009,1A1C,Natural gas,NA,NA,NA,NA,NA
Philippines,2009,1A1C,Oil,NA,NA,NA,NA,NA
Philippines,2009,1A2,Coal,NA,NA,NA,NA,NA
Philippines,2009,1A2,Natural gas,NA,NA,NA,NA,NA
Philippines,2009,1A2,Oil,NA,NA,NA,NA,NA
Philippines,2009,1A2A,Coal,NA,NA,NA,NA,NA
Philippines,2009,1A2A,Natural gas,NA,NA,NA,NA,NA
Philippines,2009,1A2A,Oil,NA,NA,NA,NA,NA
Philippines,2009,1A2B,Coal,NA,NA,NA,NA,NA
Philippines,2009,1A2B,Natural gas,NA,NA,NA,NA,NA
Philippines,2009,1A2B,Oil,NA,NA,NA,NA,NA
Philippines,2009,1A2C,Coal,NA,NA,NA,NA,NA
Philippines,2009,1A2C,Natural gas,NA,NA,NA,NA,NA
Philippines,2009,1A2C,Oil,NA,NA,NA,NA,NA
Philippines,2009,1A2D,Coal,NA,NA,NA,NA,NA
Philippines,2009,1A2D,Natural gas,NA,NA,NA,NA,NA
Philippines,2009,1A2D,Oil,NA,NA,NA,NA,NA
Philippines,2009,1A2E,Coal,NA,NA,NA,NA,NA
Philippines,2009,1A2E,Natural gas,NA,NA,NA,NA,NA
Philippines,2009,1A2E,Oil,NA,NA,NA,NA,NA
Philippines,2009,1A2F,Coal,NA,NA,NA,NA,NA
Philippines,2009,1A2F,Natural gas,NA,NA,NA,NA,NA
Philippines,2009,1A2F,Oil,NA,NA,NA,NA,NA
Philippines,2009,1A2G,Coal,NA,NA,NA,NA,NA
Philippines,2009,1A2G,Natural gas,NA,NA,NA,NA,NA
Philippines,2009,1A2G,Oil,NA,NA,NA,NA,NA
Philippines,2009,1A2H,Coal,NA,NA,NA,NA,NA
Philippines,2009,1A2H,Natural gas,NA,NA,NA,NA,NA
Philippines,2009,1A2H,Oil,NA,NA,NA,NA,NA
Philippines,2009,1A2I,Coal,NA,NA,NA,NA,NA
Philippines,2009,1A2I,Natural gas,NA,NA,NA,NA,NA
Philippines,2009,1A2I,Oil,NA,NA,NA,NA,NA
Philippines,2009,1A2J,Coal,NA,NA,NA,NA,NA
Philippines,2009,1A2J,Natural gas,NA,NA,NA,NA,NA
Philippines,2009,1A2J,Oil,NA,NA,NA,NA,NA
Philippines,2009,1A2K,Coal,NA,NA,NA,NA,NA
Philippines,2009,1A2K,Natural gas,NA,NA,NA,NA,NA
Philippines,2009,1A2K,Oil,NA,NA,NA,NA,NA
Philippines,2009,1A2L,Coal,NA,NA,NA,NA,NA
Philippines,2009,1A2L,Natural gas,NA,NA,NA,NA,NA
Philippines,2009,1A2L,Oil,NA,NA,NA,NA,NA
Philippines,2009,1A2M,Coal,NA,NA,NA,NA,NA
Philippines,2009,1A2M,Natural gas,NA,NA,NA,NA,NA
Philippines,2009,1A2M,Oil,NA,NA,NA,NA,NA
Philippines,2009,1A3,Coal,NA,NA,NA,NA,NA
Philippines,2009,1A3,Natural gas,NA,NA,NA,NA,NA
Philippines,2009,1A3,Oil,NA,NA,NA,NA,NA
Philippines,2009,1A3A,Coal,NA,NA,NA,NA,NA
Philippines,2009,1A3A,Natural gas,NA,NA,NA,NA,NA
Philippines,2009,1A3A,Oil,NA,NA,NA,NA,NA
Philippines,2009,1A3A1,Coal,NA,NA,NA,NA,NA
Philippines,2009,1A3A1,Natural gas,NA,NA,NA,NA,NA
Philippines,2009,1A3A1,Oil,NA,NA,NA,NA,NA
Philippines,2009,1A3A2,Coal,NA,NA,NA,NA,NA
Philippines,2009,1A3A2,Natural gas,NA,NA,NA,NA,NA
Philippines,2009,1A3A2,Oil,NA,NA,NA,NA,NA
Philippines,2009,1A3B,Coal,NA,NA,NA,NA,NA
Philippines,2009,1A3B,Natural gas,NA,NA,NA,NA,NA
Philippines,2009,1A3B,Oil,NA,NA,NA,NA,NA
Philippines,2009,1A3C,Coal,NA,NA,NA,NA,NA
Philippines,2009,1A3C,Natural gas,NA,NA,NA,NA,NA
Philippines,2009,1A3C,Oil,NA,NA,NA,NA,NA
Philippines,2009,1A3D,Coal,NA,NA,NA,NA,NA
Philippines,2009,1A3D,Natural gas,NA,NA,NA,NA,NA
Philippines,2009,1A3D,Oil,NA,NA,NA,NA,NA
Philippines,2009,1A3D1,Coal,NA,NA,NA,NA,NA
Philippines,2009,1A3D1,Natural gas,NA,NA,NA,NA,NA
Philippines,2009,1A3D1,Oil,NA,NA,NA,NA,NA
Philippines,2009,1A3D2,Coal,NA,NA,NA,NA,NA
Philippines,2009,1A3D2,Natural gas,NA,NA,NA,NA,NA
Philippines,2009,1A3D2,Oil,NA,NA,NA,NA,NA
Philippines,2009,1A3E,Coal,NA,NA,NA,NA,NA
Philippines,2009,1A3E,Natural gas,NA,NA,NA,NA,NA
Philippines,2009,1A3E,Oil,NA,NA,NA,NA,NA
Philippines,2009,1A3E1,Coal,NA,NA,NA,NA,NA
Philippines,2009,1A3E1,Natural gas,NA,NA,NA,NA,NA
Philippines,2009,1A3E1,Oil,NA,NA,NA,NA,NA
Philippines,2009,1A4,Coal,NA,NA,NA,NA,NA
Philippines,2009,1A4,Natural gas,NA,NA,NA,NA,NA
Philippines,2009,1A4,Oil,NA,NA,NA,NA,NA
Philippines,2009,1A4A,Coal,NA,NA,NA,NA,NA
Philippines,2009,1A4A,Natural gas,NA,NA,NA,NA,NA
Philippines,2009,1A4A,Oil,NA,NA,NA,NA,NA
Philippines,2009,1A4B,Coal,NA,NA,NA,NA,NA
Philippines,2009,1A4B,Natural gas,NA,NA,NA,NA,NA
Philippines,2009,1A4B,Oil,NA,NA,NA,NA,NA
Philippines,2009,1A4C,Coal,NA,NA,NA,NA,NA
Philippines,2009,1A4C,Natural gas,NA,NA,NA,NA,NA
Philippines,2009,1A4C,Oil,NA,NA,NA,NA,NA
Philippines,2009,1A4C1,Coal,NA,NA,NA,NA,NA
Philippines,2009,1A4C1,Natural gas,NA,NA,NA,NA,NA
Philippines,2009,1A4C1,Oil,NA,NA,NA,NA,NA
Philippines,2009,1A4C2,Coal,NA,NA,NA,NA,NA
Philippines,2009,1A4C2,Natural gas,NA,NA,NA,NA,NA
Philippines,2009,1A4C2,Oil,NA,NA,NA,NA,NA
Philippines,2009,1A4C3,Coal,NA,NA,NA,NA,NA
Philippines,2009,1A4C3,Natural gas,NA,NA,NA,NA,NA
Philippines,2009,1A4C3,Oil,NA,NA,NA,NA,NA
Philippines,2009,1A5,Coal,NA,NA,NA,NA,NA
Philippines,2009,1A5,Natural gas,NA,NA,NA,NA,NA
Philippines,2009,1A5,Oil,NA,NA,NA,NA,NA
Philippines,2009,1A5A,Coal,NA,NA,NA,NA,NA
Philippines,2009,1A5A,Natural gas,NA,NA,NA,NA,NA
Philippines,2009,1A5A,Oil,NA,NA,NA,NA,NA
Philippines,2009,1A5B,Coal,NA,NA,NA,NA,NA
Philippines,2009,1A5B,Natural gas,NA,NA,NA,NA,NA
Philippines,2009,1A5B,Oil,NA,NA,NA,NA,NA
Philippines,2009,1A5C,Coal,NA,NA,NA,NA,NA
Philippines,2009,1A5C,Natural gas,NA,NA,NA,NA,NA
Philippines,2009,1A5C,Oil,NA,NA,NA,NA,NA
Philippines,2009,1B,NA,NA,NA,NA,NA,NA
Philippines,2009,1B1,NA,NA,NA,NA,NA,NA
Philippines,2009,1B1A,NA,NA,NA,NA,NA,NA
Philippines,2009,1B1A1,NA,NA,NA,NA,NA,NA
Philippines,2009,1B1A11,NA,NA,NA,NA,NA,NA
Philippines,2009,1B1A12,NA,NA,NA,NA,NA,NA
Philippines,2009,1B1A13,NA,NA,NA,NA,NA,NA
Philippines,2009,1B1A14,NA,NA,NA,NA,NA,NA
Philippines,2009,1B1A2,NA,NA,NA,NA,NA,NA
Philippines,2009,1B1A21,NA,NA,NA,NA,NA,NA
Philippines,2009,1B1A22,NA,NA,NA,NA,NA,NA
Philippines,2009,1B1B,NA,NA,NA,NA,NA,NA
Philippines,2009,1B2,NA,NA,NA,NA,NA,NA
Philippines,2009,1B2A,NA,NA,NA,NA,NA,NA
Philippines,2009,1B2A1,NA,NA,NA,NA,NA,NA
Philippines,2009,1B2A2,NA,NA,NA,NA,NA,NA
Philippines,2009,1B2A3,NA,NA,NA,NA,NA,NA
Philippines,2009,1B2A31,NA,NA,NA,NA,NA,NA
Philippines,2009,1B2A32,NA,NA,NA,NA,NA,NA
Philippines,2009,1B2A33,NA,NA,NA,NA,NA,NA
Philippines,2009,1B2A34,NA,NA,NA,NA,NA,NA
Philippines,2009,1B2A35,NA,NA,NA,NA,NA,NA
Philippines,2009,1B2A36,NA,NA,NA,NA,NA,NA
Philippines,2009,1B2B,NA,NA,NA,NA,NA,NA
Philippines,2009,1B2B1,NA,NA,NA,NA,NA,NA
Philippines,2009,1B2B2,NA,NA,NA,NA,NA,NA
Philippines,2009,1B2B3,NA,NA,NA,NA,NA,NA
Philippines,2009,1B2B31,NA,NA,NA,NA,NA,NA
Philippines,2009,1B2B32,NA,NA,NA,NA,NA,NA
Philippines,2009,1B2B33,NA,NA,NA,NA,NA,NA
Philippines,2009,1B2B34,NA,NA,NA,NA,NA,NA
Philippines,2009,1B2B35,NA,NA,NA,NA,NA,NA
Philippines,2009,1B2B36,NA,NA,NA,NA,NA,NA
Philippines,2009,1B3,NA,NA,NA,NA,NA,NA
Philippines,2009,1C,NA,NA,NA,NA,NA,NA
Philippines,2009,1C1,NA,NA,NA,NA,NA,NA
Philippines,2009,1C1A,NA,NA,NA,NA,NA,NA
Philippines,2009,1C1B,NA,NA,NA,NA,NA,NA
Philippines,2009,1C1C,NA,NA,NA,NA,NA,NA
Philippines,2009,1C2,NA,NA,NA,NA,NA,NA
Philippines,2009,1C2A,NA,NA,NA,NA,NA,NA
Philippines,2009,1C2B,NA,NA,NA,NA,NA,NA
Philippines,2009,1C3,NA,NA,NA,NA,NA,NA
Philippines,2009,2A,NA,NA,NA,NA,NA,NA
Philippines,2009,2A1,NA,NA,NA,NA,NA,NA
Philippines,2009,2A2,NA,NA,NA,NA,NA,NA
Philippines,2009,2A3,NA,NA,NA,NA,NA,NA
Philippines,2009,2A4,NA,NA,NA,NA,NA,NA
Philippines,2009,2A4A,NA,NA,NA,NA,NA,NA
Philippines,2009,2A4B,NA,NA,NA,NA,NA,NA
Philippines,2009,2A4C,NA,NA,NA,NA,NA,NA
Philippines,2009,2A4D,NA,NA,NA,NA,NA,NA
Philippines,2009,2B,NA,NA,NA,NA,NA,NA
Philippines,2009,2B1,NA,NA,NA,NA,NA,NA
Philippines,2009,2B10,NA,NA,NA,NA,NA,NA
Philippines,2009,2B2,NA,NA,NA,NA,NA,NA
Philippines,2009,2B3,NA,NA,NA,NA,NA,NA
Philippines,2009,2B4,NA,NA,NA,NA,NA,NA
Philippines,2009,2B5,NA,NA,NA,NA,NA,NA
Philippines,2009,2B6,NA,NA,NA,NA,NA,NA
Philippines,2009,2B7,NA,NA,NA,NA,NA,NA
Philippines,2009,2B8,NA,NA,NA,NA,NA,NA
Philippines,2009,2B8A,NA,NA,NA,NA,NA,NA
Philippines,2009,2B8B,NA,NA,NA,NA,NA,NA
Philippines,2009,2B8C,NA,NA,NA,NA,NA,NA
Philippines,2009,2B8D,NA,NA,NA,NA,NA,NA
Philippines,2009,2B8E,NA,NA,NA,NA,NA,NA
Philippines,2009,2B8F,NA,NA,NA,NA,NA,NA
Philippines,2009,2B9,NA,NA,NA,NA,NA,NA
Philippines,2009,2B9A,NA,NA,NA,NA,NA,NA
Philippines,2009,2B9B,NA,NA,NA,NA,NA,NA
Philippines,2009,2C,NA,NA,NA,NA,NA,NA
Philippines,2009,2C1,NA,NA,NA,NA,NA,NA
Philippines,2009,2C2,NA,NA,NA,NA,NA,NA
Philippines,2009,2C3,NA,NA,NA,NA,NA,NA
Philippines,2009,2C4,NA,NA,NA,NA,NA,NA
Philippines,2009,2C5,NA,NA,NA,NA,NA,NA
Philippines,2009,2C6,NA,NA,NA,NA,NA,NA
Philippines,2009,2C7,NA,NA,NA,NA,NA,NA
Philippines,2009,2D,NA,NA,NA,NA,NA,NA
Philippines,2009,2D1,NA,NA,NA,NA,NA,NA
Philippines,2009,2D2,NA,NA,NA,NA,NA,NA
Philippines,2009,2D3,NA,NA,NA,NA,NA,NA
Philippines,2009,2D4,NA,NA,NA,NA,NA,NA
Philippines,2009,2E,NA,NA,NA,NA,NA,NA
Philippines,2009,2E1,NA,NA,NA,NA,NA,NA
Philippines,2009,2E2,NA,NA,NA,NA,NA,NA
Philippines,2009,2E3,NA,NA,NA,NA,NA,NA
Philippines,2009,2E4,NA,NA,NA,NA,NA,NA
Philippines,2009,2E5,NA,NA,NA,NA,NA,NA
Philippines,2009,2F,NA,NA,NA,NA,NA,NA
Philippines,2009,2F1,NA,NA,NA,NA,NA,NA
Philippines,2009,2F2,NA,NA,NA,NA,NA,NA
Philippines,2009,2F3,NA,NA,NA,NA,NA,NA
Philippines,2009,2F4,NA,NA,NA,NA,NA,NA
Philippines,2009,2F5,NA,NA,NA,NA,NA,NA
Philippines,2009,2F6,NA,NA,NA,NA,NA,NA
Philippines,2009,2G,NA,NA,NA,NA,NA,NA
Philippines,2009,2G1,NA,NA,NA,NA,NA,NA
Philippines,2009,2G2,NA,NA,NA,NA,NA,NA
Philippines,2009,2G3,NA,NA,NA,NA,NA,NA
Philippines,2009,2G4,NA,NA,NA,NA,NA,NA
Philippines,2009,2H,NA,NA,NA,NA,NA,NA
Philippines,2009,2H1,NA,NA,NA,NA,NA,NA
Philippines,2009,2H2,NA,NA,NA,NA,NA,NA
Philippines,2009,2H3,NA,NA,NA,NA,NA,NA
Philippines,2009,3A,NA,NA,NA,NA,NA,NA
Philippines,2009,3A1,NA,NA,NA,NA,NA,NA
Philippines,2009,3A2,NA,NA,NA,NA,NA,NA
Philippines,2009,3B,NA,NA,NA,NA,NA,NA
Philippines,2009,3B1,NA,NA,NA,NA,NA,NA
Philippines,2009,3B1A,NA,NA,NA,NA,NA,NA
Philippines,2009,3B1B,NA,NA,NA,NA,NA,NA
Philippines,2009,3B2,NA,NA,NA,NA,NA,NA
Philippines,2009,3B2A,NA,NA,NA,NA,NA,NA
Philippines,2009,3B2B,NA,NA,NA,NA,NA,NA
Philippines,2009,3B3,NA,NA,NA,NA,NA,NA
Philippines,2009,3B3A,NA,NA,NA,NA,NA,NA
Philippines,2009,3B3B,NA,NA,NA,NA,NA,NA
Philippines,2009,3B4,NA,NA,NA,NA,NA,NA
Philippines,2009,3B4A,NA,NA,NA,NA,NA,NA
Philippines,2009,3B4B,NA,NA,NA,NA,NA,NA
Philippines,2009,3B5,NA,NA,NA,NA,NA,NA
Philippines,2009,3B5A,NA,NA,NA,NA,NA,NA
Philippines,2009,3B5B,NA,NA,NA,NA,NA,NA
Philippines,2009,3B6,NA,NA,NA,NA,NA,NA
Philippines,2009,3B6A,NA,NA,NA,NA,NA,NA
Philippines,2009,3B6B,NA,NA,NA,NA,NA,NA
Philippines,2009,3B6B1,NA,NA,NA,NA,NA,NA
Philippines,2009,3B6B2,NA,NA,NA,NA,NA,NA
Philippines,2009,3B6B3,NA,NA,NA,NA,NA,NA
Philippines,2009,3B6B4,NA,NA,NA,NA,NA,NA
Philippines,2009,3B6B5,NA,NA,NA,NA,NA,NA
Philippines,2009,3C,NA,NA,NA,NA,NA,NA
Philippines,2009,3C1,NA,NA,NA,NA,NA,NA
Philippines,2009,3C2,NA,NA,NA,NA,NA,NA
Philippines,2009,3C3,NA,NA,NA,NA,NA,NA
Philippines,2009,3C4,NA,NA,NA,NA,NA,NA
Philippines,2009,3C5,NA,NA,NA,NA,NA,NA
Philippines,2009,3C6,NA,NA,NA,NA,NA,NA
Philippines,2009,3C7,NA,NA,NA,NA,NA,NA
Philippines,2009,3C8,NA,NA,NA,NA,NA,NA
Philippines,2009,3D,NA,NA,NA,NA,NA,NA
Philippines,2009,3D1,NA,NA,NA,NA,NA,NA
Philippines,2009,3D2,NA,NA,NA,NA,NA,NA
Philippines,2009,4A,NA,NA,NA,NA,NA,NA
Philippines,2009,4A1,NA,NA,NA,NA,NA,NA
Philippines,2009,4A2,NA,NA,NA,NA,NA,NA
Philippines,2009,4A3,NA,NA,NA,NA,NA,NA
Philippines,2009,4B,NA,NA,NA,NA,NA,NA
Philippines,2009,4C,NA,NA,NA,NA,NA,NA
Philippines,2009,4C1,NA,NA,NA,NA,NA,NA
Philippines,2009,4C2,NA,NA,NA,NA,NA,NA
Philippines,2009,4D,NA,NA,NA,NA,NA,NA
Philippines,2009,4D1,NA,NA,NA,NA,NA,NA
Philippines,2009,4D2,NA,NA,NA,NA,NA,NA
Philippines,2009,4E,NA,NA,NA,NA,NA,NA
Philippines,2009,5A,NA,NA,NA,NA,NA,NA
Philippines,2009,5A1,NA,NA,NA,NA,NA,NA
Philippines,2009,5A2,NA,NA,NA,NA,NA,NA
Philippines,2010,0,NA,NA,NA,NA,NA,NA
Philippines,2010,1,NA,NA,NA,NA,NA,NA
Philippines,2010,2,NA,NA,NA,NA,NA,NA
Philippines,2010,3,NA,NA,NA,NA,NA,NA
Philippines,2010,4,NA,NA,NA,NA,NA,NA
Philippines,2010,5,NA,NA,NA,NA,NA,NA
Philippines,2010,1A,Coal,NA,NA,NA,NA,NA
Philippines,2010,1A,Natural gas,NA,NA,NA,NA,NA
Philippines,2010,1A,Oil,NA,NA,NA,NA,NA
Philippines,2010,1A1,Coal,NA,NA,NA,NA,NA
Philippines,2010,1A1,Natural gas,NA,NA,NA,NA,NA
Philippines,2010,1A1,Oil,NA,NA,NA,NA,NA
Philippines,2010,1A1A,Coal,NA,NA,NA,NA,NA
Philippines,2010,1A1A,Natural gas,NA,NA,NA,NA,NA
Philippines,2010,1A1A,Oil,NA,NA,NA,NA,NA
Philippines,2010,1A1A1,Coal,NA,NA,NA,NA,NA
Philippines,2010,1A1A1,Natural gas,NA,NA,NA,NA,NA
Philippines,2010,1A1A1,Oil,NA,NA,NA,NA,NA
Philippines,2010,1A1A2,Coal,NA,NA,NA,NA,NA
Philippines,2010,1A1A2,Natural gas,NA,NA,NA,NA,NA
Philippines,2010,1A1A2,Oil,NA,NA,NA,NA,NA
Philippines,2010,1A1A3,Coal,NA,NA,NA,NA,NA
Philippines,2010,1A1A3,Natural gas,NA,NA,NA,NA,NA
Philippines,2010,1A1A3,Oil,NA,NA,NA,NA,NA
Philippines,2010,1A1B,Coal,NA,NA,NA,NA,NA
Philippines,2010,1A1B,Natural gas,NA,NA,NA,NA,NA
Philippines,2010,1A1B,Oil,NA,NA,NA,NA,NA
Philippines,2010,1A1C,Coal,NA,NA,NA,NA,NA
Philippines,2010,1A1C,Natural gas,NA,NA,NA,NA,NA
Philippines,2010,1A1C,Oil,NA,NA,NA,NA,NA
Philippines,2010,1A2,Coal,NA,NA,NA,NA,NA
Philippines,2010,1A2,Natural gas,NA,NA,NA,NA,NA
Philippines,2010,1A2,Oil,NA,NA,NA,NA,NA
Philippines,2010,1A2A,Coal,NA,NA,NA,NA,NA
Philippines,2010,1A2A,Natural gas,NA,NA,NA,NA,NA
Philippines,2010,1A2A,Oil,NA,NA,NA,NA,NA
Philippines,2010,1A2B,Coal,NA,NA,NA,NA,NA
Philippines,2010,1A2B,Natural gas,NA,NA,NA,NA,NA
Philippines,2010,1A2B,Oil,NA,NA,NA,NA,NA
Philippines,2010,1A2C,Coal,NA,NA,NA,NA,NA
Philippines,2010,1A2C,Natural gas,NA,NA,NA,NA,NA
Philippines,2010,1A2C,Oil,NA,NA,NA,NA,NA
Philippines,2010,1A2D,Coal,NA,NA,NA,NA,NA
Philippines,2010,1A2D,Natural gas,NA,NA,NA,NA,NA
Philippines,2010,1A2D,Oil,NA,NA,NA,NA,NA
Philippines,2010,1A2E,Coal,NA,NA,NA,NA,NA
Philippines,2010,1A2E,Natural gas,NA,NA,NA,NA,NA
Philippines,2010,1A2E,Oil,NA,NA,NA,NA,NA
Philippines,2010,1A2F,Coal,NA,NA,NA,NA,NA
Philippines,2010,1A2F,Natural gas,NA,NA,NA,NA,NA
Philippines,2010,1A2F,Oil,NA,NA,NA,NA,NA
Philippines,2010,1A2G,Coal,NA,NA,NA,NA,NA
Philippines,2010,1A2G,Natural gas,NA,NA,NA,NA,NA
Philippines,2010,1A2G,Oil,NA,NA,NA,NA,NA
Philippines,2010,1A2H,Coal,NA,NA,NA,NA,NA
Philippines,2010,1A2H,Natural gas,NA,NA,NA,NA,NA
Philippines,2010,1A2H,Oil,NA,NA,NA,NA,NA
Philippines,2010,1A2I,Coal,NA,NA,NA,NA,NA
Philippines,2010,1A2I,Natural gas,NA,NA,NA,NA,NA
Philippines,2010,1A2I,Oil,NA,NA,NA,NA,NA
Philippines,2010,1A2J,Coal,NA,NA,NA,NA,NA
Philippines,2010,1A2J,Natural gas,NA,NA,NA,NA,NA
Philippines,2010,1A2J,Oil,NA,NA,NA,NA,NA
Philippines,2010,1A2K,Coal,NA,NA,NA,NA,NA
Philippines,2010,1A2K,Natural gas,NA,NA,NA,NA,NA
Philippines,2010,1A2K,Oil,NA,NA,NA,NA,NA
Philippines,2010,1A2L,Coal,NA,NA,NA,NA,NA
Philippines,2010,1A2L,Natural gas,NA,NA,NA,NA,NA
Philippines,2010,1A2L,Oil,NA,NA,NA,NA,NA
Philippines,2010,1A2M,Coal,NA,NA,NA,NA,NA
Philippines,2010,1A2M,Natural gas,NA,NA,NA,NA,NA
Philippines,2010,1A2M,Oil,NA,NA,NA,NA,NA
Philippines,2010,1A3,Coal,NA,NA,NA,NA,NA
Philippines,2010,1A3,Natural gas,NA,NA,NA,NA,NA
Philippines,2010,1A3,Oil,NA,NA,NA,NA,NA
Philippines,2010,1A3A,Coal,NA,NA,NA,NA,NA
Philippines,2010,1A3A,Natural gas,NA,NA,NA,NA,NA
Philippines,2010,1A3A,Oil,NA,NA,NA,NA,NA
Philippines,2010,1A3A1,Coal,NA,NA,NA,NA,NA
Philippines,2010,1A3A1,Natural gas,NA,NA,NA,NA,NA
Philippines,2010,1A3A1,Oil,NA,NA,NA,NA,NA
Philippines,2010,1A3A2,Coal,NA,NA,NA,NA,NA
Philippines,2010,1A3A2,Natural gas,NA,NA,NA,NA,NA
Philippines,2010,1A3A2,Oil,NA,NA,NA,NA,NA
Philippines,2010,1A3B,Coal,NA,NA,NA,NA,NA
Philippines,2010,1A3B,Natural gas,NA,NA,NA,NA,NA
Philippines,2010,1A3B,Oil,NA,NA,NA,NA,NA
Philippines,2010,1A3C,Coal,NA,NA,NA,NA,NA
Philippines,2010,1A3C,Natural gas,NA,NA,NA,NA,NA
Philippines,2010,1A3C,Oil,NA,NA,NA,NA,NA
Philippines,2010,1A3D,Coal,NA,NA,NA,NA,NA
Philippines,2010,1A3D,Natural gas,NA,NA,NA,NA,NA
Philippines,2010,1A3D,Oil,NA,NA,NA,NA,NA
Philippines,2010,1A3D1,Coal,NA,NA,NA,NA,NA
Philippines,2010,1A3D1,Natural gas,NA,NA,NA,NA,NA
Philippines,2010,1A3D1,Oil,NA,NA,NA,NA,NA
Philippines,2010,1A3D2,Coal,NA,NA,NA,NA,NA
Philippines,2010,1A3D2,Natural gas,NA,NA,NA,NA,NA
Philippines,2010,1A3D2,Oil,NA,NA,NA,NA,NA
Philippines,2010,1A3E,Coal,NA,NA,NA,NA,NA
Philippines,2010,1A3E,Natural gas,NA,NA,NA,NA,NA
Philippines,2010,1A3E,Oil,NA,NA,NA,NA,NA
Philippines,2010,1A3E1,Coal,NA,NA,NA,NA,NA
Philippines,2010,1A3E1,Natural gas,NA,NA,NA,NA,NA
Philippines,2010,1A3E1,Oil,NA,NA,NA,NA,NA
Philippines,2010,1A4,Coal,NA,NA,NA,NA,NA
Philippines,2010,1A4,Natural gas,NA,NA,NA,NA,NA
Philippines,2010,1A4,Oil,NA,NA,NA,NA,NA
Philippines,2010,1A4A,Coal,NA,NA,NA,NA,NA
Philippines,2010,1A4A,Natural gas,NA,NA,NA,NA,NA
Philippines,2010,1A4A,Oil,NA,NA,NA,NA,NA
Philippines,2010,1A4B,Coal,NA,NA,NA,NA,NA
Philippines,2010,1A4B,Natural gas,NA,NA,NA,NA,NA
Philippines,2010,1A4B,Oil,NA,NA,NA,NA,NA
Philippines,2010,1A4C,Coal,NA,NA,NA,NA,NA
Philippines,2010,1A4C,Natural gas,NA,NA,NA,NA,NA
Philippines,2010,1A4C,Oil,NA,NA,NA,NA,NA
Philippines,2010,1A4C1,Coal,NA,NA,NA,NA,NA
Philippines,2010,1A4C1,Natural gas,NA,NA,NA,NA,NA
Philippines,2010,1A4C1,Oil,NA,NA,NA,NA,NA
Philippines,2010,1A4C2,Coal,NA,NA,NA,NA,NA
Philippines,2010,1A4C2,Natural gas,NA,NA,NA,NA,NA
Philippines,2010,1A4C2,Oil,NA,NA,NA,NA,NA
Philippines,2010,1A4C3,Coal,NA,NA,NA,NA,NA
Philippines,2010,1A4C3,Natural gas,NA,NA,NA,NA,NA
Philippines,2010,1A4C3,Oil,NA,NA,NA,NA,NA
Philippines,2010,1A5,Coal,NA,NA,NA,NA,NA
Philippines,2010,1A5,Natural gas,NA,NA,NA,NA,NA
Philippines,2010,1A5,Oil,NA,NA,NA,NA,NA
Philippines,2010,1A5A,Coal,NA,NA,NA,NA,NA
Philippines,2010,1A5A,Natural gas,NA,NA,NA,NA,NA
Philippines,2010,1A5A,Oil,NA,NA,NA,NA,NA
Philippines,2010,1A5B,Coal,NA,NA,NA,NA,NA
Philippines,2010,1A5B,Natural gas,NA,NA,NA,NA,NA
Philippines,2010,1A5B,Oil,NA,NA,NA,NA,NA
Philippines,2010,1A5C,Coal,NA,NA,NA,NA,NA
Philippines,2010,1A5C,Natural gas,NA,NA,NA,NA,NA
Philippines,2010,1A5C,Oil,NA,NA,NA,NA,NA
Philippines,2010,1B,NA,NA,NA,NA,NA,NA
Philippines,2010,1B1,NA,NA,NA,NA,NA,NA
Philippines,2010,1B1A,NA,NA,NA,NA,NA,NA
Philippines,2010,1B1A1,NA,NA,NA,NA,NA,NA
Philippines,2010,1B1A11,NA,NA,NA,NA,NA,NA
Philippines,2010,1B1A12,NA,NA,NA,NA,NA,NA
Philippines,2010,1B1A13,NA,NA,NA,NA,NA,NA
Philippines,2010,1B1A14,NA,NA,NA,NA,NA,NA
Philippines,2010,1B1A2,NA,NA,NA,NA,NA,NA
Philippines,2010,1B1A21,NA,NA,NA,NA,NA,NA
Philippines,2010,1B1A22,NA,NA,NA,NA,NA,NA
Philippines,2010,1B1B,NA,NA,NA,NA,NA,NA
Philippines,2010,1B2,NA,NA,NA,NA,NA,NA
Philippines,2010,1B2A,NA,NA,NA,NA,NA,NA
Philippines,2010,1B2A1,NA,NA,NA,NA,NA,NA
Philippines,2010,1B2A2,NA,NA,NA,NA,NA,NA
Philippines,2010,1B2A3,NA,NA,NA,NA,NA,NA
Philippines,2010,1B2A31,NA,NA,NA,NA,NA,NA
Philippines,2010,1B2A32,NA,NA,NA,NA,NA,NA
Philippines,2010,1B2A33,NA,NA,NA,NA,NA,NA
Philippines,2010,1B2A34,NA,NA,NA,NA,NA,NA
Philippines,2010,1B2A35,NA,NA,NA,NA,NA,NA
Philippines,2010,1B2A36,NA,NA,NA,NA,NA,NA
Philippines,2010,1B2B,NA,NA,NA,NA,NA,NA
Philippines,2010,1B2B1,NA,NA,NA,NA,NA,NA
Philippines,2010,1B2B2,NA,NA,NA,NA,NA,NA
Philippines,2010,1B2B3,NA,NA,NA,NA,NA,NA
Philippines,2010,1B2B31,NA,NA,NA,NA,NA,NA
Philippines,2010,1B2B32,NA,NA,NA,NA,NA,NA
Philippines,2010,1B2B33,NA,NA,NA,NA,NA,NA
Philippines,2010,1B2B34,NA,NA,NA,NA,NA,NA
Philippines,2010,1B2B35,NA,NA,NA,NA,NA,NA
Philippines,2010,1B2B36,NA,NA,NA,NA,NA,NA
Philippines,2010,1B3,NA,NA,NA,NA,NA,NA
Philippines,2010,1C,NA,NA,NA,NA,NA,NA
Philippines,2010,1C1,NA,NA,NA,NA,NA,NA
Philippines,2010,1C1A,NA,NA,NA,NA,NA,NA
Philippines,2010,1C1B,NA,NA,NA,NA,NA,NA
Philippines,2010,1C1C,NA,NA,NA,NA,NA,NA
Philippines,2010,1C2,NA,NA,NA,NA,NA,NA
Philippines,2010,1C2A,NA,NA,NA,NA,NA,NA
Philippines,2010,1C2B,NA,NA,NA,NA,NA,NA
Philippines,2010,1C3,NA,NA,NA,NA,NA,NA
Philippines,2010,2A,NA,NA,NA,NA,NA,NA
Philippines,2010,2A1,NA,NA,NA,NA,NA,NA
Philippines,2010,2A2,NA,NA,NA,NA,NA,NA
Philippines,2010,2A3,NA,NA,NA,NA,NA,NA
Philippines,2010,2A4,NA,NA,NA,NA,NA,NA
Philippines,2010,2A4A,NA,NA,NA,NA,NA,NA
Philippines,2010,2A4B,NA,NA,NA,NA,NA,NA
Philippines,2010,2A4C,NA,NA,NA,NA,NA,NA
Philippines,2010,2A4D,NA,NA,NA,NA,NA,NA
Philippines,2010,2B,NA,NA,NA,NA,NA,NA
Philippines,2010,2B1,NA,NA,NA,NA,NA,NA
Philippines,2010,2B10,NA,NA,NA,NA,NA,NA
Philippines,2010,2B2,NA,NA,NA,NA,NA,NA
Philippines,2010,2B3,NA,NA,NA,NA,NA,NA
Philippines,2010,2B4,NA,NA,NA,NA,NA,NA
Philippines,2010,2B5,NA,NA,NA,NA,NA,NA
Philippines,2010,2B6,NA,NA,NA,NA,NA,NA
Philippines,2010,2B7,NA,NA,NA,NA,NA,NA
Philippines,2010,2B8,NA,NA,NA,NA,NA,NA
Philippines,2010,2B8A,NA,NA,NA,NA,NA,NA
Philippines,2010,2B8B,NA,NA,NA,NA,NA,NA
Philippines,2010,2B8C,NA,NA,NA,NA,NA,NA
Philippines,2010,2B8D,NA,NA,NA,NA,NA,NA
Philippines,2010,2B8E,NA,NA,NA,NA,NA,NA
Philippines,2010,2B8F,NA,NA,NA,NA,NA,NA
Philippines,2010,2B9,NA,NA,NA,NA,NA,NA
Philippines,2010,2B9A,NA,NA,NA,NA,NA,NA
Philippines,2010,2B9B,NA,NA,NA,NA,NA,NA
Philippines,2010,2C,NA,NA,NA,NA,NA,NA
Philippines,2010,2C1,NA,NA,NA,NA,NA,NA
Philippines,2010,2C2,NA,NA,NA,NA,NA,NA
Philippines,2010,2C3,NA,NA,NA,NA,NA,NA
Philippines,2010,2C4,NA,NA,NA,NA,NA,NA
Philippines,2010,2C5,NA,NA,NA,NA,NA,NA
Philippines,2010,2C6,NA,NA,NA,NA,NA,NA
Philippines,2010,2C7,NA,NA,NA,NA,NA,NA
Philippines,2010,2D,NA,NA,NA,NA,NA,NA
Philippines,2010,2D1,NA,NA,NA,NA,NA,NA
Philippines,2010,2D2,NA,NA,NA,NA,NA,NA
Philippines,2010,2D3,NA,NA,NA,NA,NA,NA
Philippines,2010,2D4,NA,NA,NA,NA,NA,NA
Philippines,2010,2E,NA,NA,NA,NA,NA,NA
Philippines,2010,2E1,NA,NA,NA,NA,NA,NA
Philippines,2010,2E2,NA,NA,NA,NA,NA,NA
Philippines,2010,2E3,NA,NA,NA,NA,NA,NA
Philippines,2010,2E4,NA,NA,NA,NA,NA,NA
Philippines,2010,2E5,NA,NA,NA,NA,NA,NA
Philippines,2010,2F,NA,NA,NA,NA,NA,NA
Philippines,2010,2F1,NA,NA,NA,NA,NA,NA
Philippines,2010,2F2,NA,NA,NA,NA,NA,NA
Philippines,2010,2F3,NA,NA,NA,NA,NA,NA
Philippines,2010,2F4,NA,NA,NA,NA,NA,NA
Philippines,2010,2F5,NA,NA,NA,NA,NA,NA
Philippines,2010,2F6,NA,NA,NA,NA,NA,NA
Philippines,2010,2G,NA,NA,NA,NA,NA,NA
Philippines,2010,2G1,NA,NA,NA,NA,NA,NA
Philippines,2010,2G2,NA,NA,NA,NA,NA,NA
Philippines,2010,2G3,NA,NA,NA,NA,NA,NA
Philippines,2010,2G4,NA,NA,NA,NA,NA,NA
Philippines,2010,2H,NA,NA,NA,NA,NA,NA
Philippines,2010,2H1,NA,NA,NA,NA,NA,NA
Philippines,2010,2H2,NA,NA,NA,NA,NA,NA
Philippines,2010,2H3,NA,NA,NA,NA,NA,NA
Philippines,2010,3A,NA,NA,NA,NA,NA,NA
Philippines,2010,3A1,NA,NA,NA,NA,NA,NA
Philippines,2010,3A2,NA,NA,NA,NA,NA,NA
Philippines,2010,3B,NA,NA,NA,NA,NA,NA
Philippines,2010,3B1,NA,NA,NA,NA,NA,NA
Philippines,2010,3B1A,NA,NA,NA,NA,NA,NA
Philippines,2010,3B1B,NA,NA,NA,NA,NA,NA
Philippines,2010,3B2,NA,NA,NA,NA,NA,NA
Philippines,2010,3B2A,NA,NA,NA,NA,NA,NA
Philippines,2010,3B2B,NA,NA,NA,NA,NA,NA
Philippines,2010,3B3,NA,NA,NA,NA,NA,NA
Philippines,2010,3B3A,NA,NA,NA,NA,NA,NA
Philippines,2010,3B3B,NA,NA,NA,NA,NA,NA
Philippines,2010,3B4,NA,NA,NA,NA,NA,NA
Philippines,2010,3B4A,NA,NA,NA,NA,NA,NA
Philippines,2010,3B4B,NA,NA,NA,NA,NA,NA
Philippines,2010,3B5,NA,NA,NA,NA,NA,NA
Philippines,2010,3B5A,NA,NA,NA,NA,NA,NA
Philippines,2010,3B5B,NA,NA,NA,NA,NA,NA
Philippines,2010,3B6,NA,NA,NA,NA,NA,NA
Philippines,2010,3B6A,NA,NA,NA,NA,NA,NA
Philippines,2010,3B6B,NA,NA,NA,NA,NA,NA
Philippines,2010,3B6B1,NA,NA,NA,NA,NA,NA
Philippines,2010,3B6B2,NA,NA,NA,NA,NA,NA
Philippines,2010,3B6B3,NA,NA,NA,NA,NA,NA
Philippines,2010,3B6B4,NA,NA,NA,NA,NA,NA
Philippines,2010,3B6B5,NA,NA,NA,NA,NA,NA
Philippines,2010,3C,NA,NA,NA,NA,NA,NA
Philippines,2010,3C1,NA,NA,NA,NA,NA,NA
Philippines,2010,3C2,NA,NA,NA,NA,NA,NA
Philippines,2010,3C3,NA,NA,NA,NA,NA,NA
Philippines,2010,3C4,NA,NA,NA,NA,NA,NA
Philippines,2010,3C5,NA,NA,NA,NA,NA,NA
Philippines,2010,3C6,NA,NA,NA,NA,NA,NA
Philippines,2010,3C7,NA,NA,NA,NA,NA,NA
Philippines,2010,3C8,NA,NA,NA,NA,NA,NA
Philippines,2010,3D,NA,NA,NA,NA,NA,NA
Philippines,2010,3D1,NA,NA,NA,NA,NA,NA
Philippines,2010,3D2,NA,NA,NA,NA,NA,NA
Philippines,2010,4A,NA,NA,NA,NA,NA,NA
Philippines,2010,4A1,NA,NA,NA,NA,NA,NA
Philippines,2010,4A2,NA,NA,NA,NA,NA,NA
Philippines,2010,4A3,NA,NA,NA,NA,NA,NA
Philippines,2010,4B,NA,NA,NA,NA,NA,NA
Philippines,2010,4C,NA,NA,NA,NA,NA,NA
Philippines,2010,4C1,NA,NA,NA,NA,NA,NA
Philippines,2010,4C2,NA,NA,NA,NA,NA,NA
Philippines,2010,4D,NA,NA,NA,NA,NA,NA
Philippines,2010,4D1,NA,NA,NA,NA,NA,NA
Philippines,2010,4D2,NA,NA,NA,NA,NA,NA
Philippines,2010,4E,NA,NA,NA,NA,NA,NA
Philippines,2010,5A,NA,NA,NA,NA,NA,NA
Philippines,2010,5A1,NA,NA,NA,NA,NA,NA
Philippines,2010,5A2,NA,NA,NA,NA,NA,NA
Philippines,2011,0,NA,NA,NA,NA,NA,NA
Philippines,2011,1,NA,NA,NA,NA,NA,NA
Philippines,2011,2,NA,NA,NA,NA,NA,NA
Philippines,2011,3,NA,NA,NA,NA,NA,NA
Philippines,2011,4,NA,NA,NA,NA,NA,NA
Philippines,2011,5,NA,NA,NA,NA,NA,NA
Philippines,2011,1A,Coal,NA,NA,NA,NA,NA
Philippines,2011,1A,Natural gas,NA,NA,NA,NA,NA
Philippines,2011,1A,Oil,NA,NA,NA,NA,NA
Philippines,2011,1A1,Coal,NA,NA,NA,NA,NA
Philippines,2011,1A1,Natural gas,NA,NA,NA,NA,NA
Philippines,2011,1A1,Oil,NA,NA,NA,NA,NA
Philippines,2011,1A1A,Coal,NA,NA,NA,NA,NA
Philippines,2011,1A1A,Natural gas,NA,NA,NA,NA,NA
Philippines,2011,1A1A,Oil,NA,NA,NA,NA,NA
Philippines,2011,1A1A1,Coal,NA,NA,NA,NA,NA
Philippines,2011,1A1A1,Natural gas,NA,NA,NA,NA,NA
Philippines,2011,1A1A1,Oil,NA,NA,NA,NA,NA
Philippines,2011,1A1A2,Coal,NA,NA,NA,NA,NA
Philippines,2011,1A1A2,Natural gas,NA,NA,NA,NA,NA
Philippines,2011,1A1A2,Oil,NA,NA,NA,NA,NA
Philippines,2011,1A1A3,Coal,NA,NA,NA,NA,NA
Philippines,2011,1A1A3,Natural gas,NA,NA,NA,NA,NA
Philippines,2011,1A1A3,Oil,NA,NA,NA,NA,NA
Philippines,2011,1A1B,Coal,NA,NA,NA,NA,NA
Philippines,2011,1A1B,Natural gas,NA,NA,NA,NA,NA
Philippines,2011,1A1B,Oil,NA,NA,NA,NA,NA
Philippines,2011,1A1C,Coal,NA,NA,NA,NA,NA
Philippines,2011,1A1C,Natural gas,NA,NA,NA,NA,NA
Philippines,2011,1A1C,Oil,NA,NA,NA,NA,NA
Philippines,2011,1A2,Coal,NA,NA,NA,NA,NA
Philippines,2011,1A2,Natural gas,NA,NA,NA,NA,NA
Philippines,2011,1A2,Oil,NA,NA,NA,NA,NA
Philippines,2011,1A2A,Coal,NA,NA,NA,NA,NA
Philippines,2011,1A2A,Natural gas,NA,NA,NA,NA,NA
Philippines,2011,1A2A,Oil,NA,NA,NA,NA,NA
Philippines,2011,1A2B,Coal,NA,NA,NA,NA,NA
Philippines,2011,1A2B,Natural gas,NA,NA,NA,NA,NA
Philippines,2011,1A2B,Oil,NA,NA,NA,NA,NA
Philippines,2011,1A2C,Coal,NA,NA,NA,NA,NA
Philippines,2011,1A2C,Natural gas,NA,NA,NA,NA,NA
Philippines,2011,1A2C,Oil,NA,NA,NA,NA,NA
Philippines,2011,1A2D,Coal,NA,NA,NA,NA,NA
Philippines,2011,1A2D,Natural gas,NA,NA,NA,NA,NA
Philippines,2011,1A2D,Oil,NA,NA,NA,NA,NA
Philippines,2011,1A2E,Coal,NA,NA,NA,NA,NA
Philippines,2011,1A2E,Natural gas,NA,NA,NA,NA,NA
Philippines,2011,1A2E,Oil,NA,NA,NA,NA,NA
Philippines,2011,1A2F,Coal,NA,NA,NA,NA,NA
Philippines,2011,1A2F,Natural gas,NA,NA,NA,NA,NA
Philippines,2011,1A2F,Oil,NA,NA,NA,NA,NA
Philippines,2011,1A2G,Coal,NA,NA,NA,NA,NA
Philippines,2011,1A2G,Natural gas,NA,NA,NA,NA,NA
Philippines,2011,1A2G,Oil,NA,NA,NA,NA,NA
Philippines,2011,1A2H,Coal,NA,NA,NA,NA,NA
Philippines,2011,1A2H,Natural gas,NA,NA,NA,NA,NA
Philippines,2011,1A2H,Oil,NA,NA,NA,NA,NA
Philippines,2011,1A2I,Coal,NA,NA,NA,NA,NA
Philippines,2011,1A2I,Natural gas,NA,NA,NA,NA,NA
Philippines,2011,1A2I,Oil,NA,NA,NA,NA,NA
Philippines,2011,1A2J,Coal,NA,NA,NA,NA,NA
Philippines,2011,1A2J,Natural gas,NA,NA,NA,NA,NA
Philippines,2011,1A2J,Oil,NA,NA,NA,NA,NA
Philippines,2011,1A2K,Coal,NA,NA,NA,NA,NA
Philippines,2011,1A2K,Natural gas,NA,NA,NA,NA,NA
Philippines,2011,1A2K,Oil,NA,NA,NA,NA,NA
Philippines,2011,1A2L,Coal,NA,NA,NA,NA,NA
Philippines,2011,1A2L,Natural gas,NA,NA,NA,NA,NA
Philippines,2011,1A2L,Oil,NA,NA,NA,NA,NA
Philippines,2011,1A2M,Coal,NA,NA,NA,NA,NA
Philippines,2011,1A2M,Natural gas,NA,NA,NA,NA,NA
Philippines,2011,1A2M,Oil,NA,NA,NA,NA,NA
Philippines,2011,1A3,Coal,NA,NA,NA,NA,NA
Philippines,2011,1A3,Natural gas,NA,NA,NA,NA,NA
Philippines,2011,1A3,Oil,NA,NA,NA,NA,NA
Philippines,2011,1A3A,Coal,NA,NA,NA,NA,NA
Philippines,2011,1A3A,Natural gas,NA,NA,NA,NA,NA
Philippines,2011,1A3A,Oil,NA,NA,NA,NA,NA
Philippines,2011,1A3A1,Coal,NA,NA,NA,NA,NA
Philippines,2011,1A3A1,Natural gas,NA,NA,NA,NA,NA
Philippines,2011,1A3A1,Oil,NA,NA,NA,NA,NA
Philippines,2011,1A3A2,Coal,NA,NA,NA,NA,NA
Philippines,2011,1A3A2,Natural gas,NA,NA,NA,NA,NA
Philippines,2011,1A3A2,Oil,NA,NA,NA,NA,NA
Philippines,2011,1A3B,Coal,NA,NA,NA,NA,NA
Philippines,2011,1A3B,Natural gas,NA,NA,NA,NA,NA
Philippines,2011,1A3B,Oil,NA,NA,NA,NA,NA
Philippines,2011,1A3C,Coal,NA,NA,NA,NA,NA
Philippines,2011,1A3C,Natural gas,NA,NA,NA,NA,NA
Philippines,2011,1A3C,Oil,NA,NA,NA,NA,NA
Philippines,2011,1A3D,Coal,NA,NA,NA,NA,NA
Philippines,2011,1A3D,Natural gas,NA,NA,NA,NA,NA
Philippines,2011,1A3D,Oil,NA,NA,NA,NA,NA
Philippines,2011,1A3D1,Coal,NA,NA,NA,NA,NA
Philippines,2011,1A3D1,Natural gas,NA,NA,NA,NA,NA
Philippines,2011,1A3D1,Oil,NA,NA,NA,NA,NA
Philippines,2011,1A3D2,Coal,NA,NA,NA,NA,NA
Philippines,2011,1A3D2,Natural gas,NA,NA,NA,NA,NA
Philippines,2011,1A3D2,Oil,NA,NA,NA,NA,NA
Philippines,2011,1A3E,Coal,NA,NA,NA,NA,NA
Philippines,2011,1A3E,Natural gas,NA,NA,NA,NA,NA
Philippines,2011,1A3E,Oil,NA,NA,NA,NA,NA
Philippines,2011,1A3E1,Coal,NA,NA,NA,NA,NA
Philippines,2011,1A3E1,Natural gas,NA,NA,NA,NA,NA
Philippines,2011,1A3E1,Oil,NA,NA,NA,NA,NA
Philippines,2011,1A4,Coal,NA,NA,NA,NA,NA
Philippines,2011,1A4,Natural gas,NA,NA,NA,NA,NA
Philippines,2011,1A4,Oil,NA,NA,NA,NA,NA
Philippines,2011,1A4A,Coal,NA,NA,NA,NA,NA
Philippines,2011,1A4A,Natural gas,NA,NA,NA,NA,NA
Philippines,2011,1A4A,Oil,NA,NA,NA,NA,NA
Philippines,2011,1A4B,Coal,NA,NA,NA,NA,NA
Philippines,2011,1A4B,Natural gas,NA,NA,NA,NA,NA
Philippines,2011,1A4B,Oil,NA,NA,NA,NA,NA
Philippines,2011,1A4C,Coal,NA,NA,NA,NA,NA
Philippines,2011,1A4C,Natural gas,NA,NA,NA,NA,NA
Philippines,2011,1A4C,Oil,NA,NA,NA,NA,NA
Philippines,2011,1A4C1,Coal,NA,NA,NA,NA,NA
Philippines,2011,1A4C1,Natural gas,NA,NA,NA,NA,NA
Philippines,2011,1A4C1,Oil,NA,NA,NA,NA,NA
Philippines,2011,1A4C2,Coal,NA,NA,NA,NA,NA
Philippines,2011,1A4C2,Natural gas,NA,NA,NA,NA,NA
Philippines,2011,1A4C2,Oil,NA,NA,NA,NA,NA
Philippines,2011,1A4C3,Coal,NA,NA,NA,NA,NA
Philippines,2011,1A4C3,Natural gas,NA,NA,NA,NA,NA
Philippines,2011,1A4C3,Oil,NA,NA,NA,NA,NA
Philippines,2011,1A5,Coal,NA,NA,NA,NA,NA
Philippines,2011,1A5,Natural gas,NA,NA,NA,NA,NA
Philippines,2011,1A5,Oil,NA,NA,NA,NA,NA
Philippines,2011,1A5A,Coal,NA,NA,NA,NA,NA
Philippines,2011,1A5A,Natural gas,NA,NA,NA,NA,NA
Philippines,2011,1A5A,Oil,NA,NA,NA,NA,NA
Philippines,2011,1A5B,Coal,NA,NA,NA,NA,NA
Philippines,2011,1A5B,Natural gas,NA,NA,NA,NA,NA
Philippines,2011,1A5B,Oil,NA,NA,NA,NA,NA
Philippines,2011,1A5C,Coal,NA,NA,NA,NA,NA
Philippines,2011,1A5C,Natural gas,NA,NA,NA,NA,NA
Philippines,2011,1A5C,Oil,NA,NA,NA,NA,NA
Philippines,2011,1B,NA,NA,NA,NA,NA,NA
Philippines,2011,1B1,NA,NA,NA,NA,NA,NA
Philippines,2011,1B1A,NA,NA,NA,NA,NA,NA
Philippines,2011,1B1A1,NA,NA,NA,NA,NA,NA
Philippines,2011,1B1A11,NA,NA,NA,NA,NA,NA
Philippines,2011,1B1A12,NA,NA,NA,NA,NA,NA
Philippines,2011,1B1A13,NA,NA,NA,NA,NA,NA
Philippines,2011,1B1A14,NA,NA,NA,NA,NA,NA
Philippines,2011,1B1A2,NA,NA,NA,NA,NA,NA
Philippines,2011,1B1A21,NA,NA,NA,NA,NA,NA
Philippines,2011,1B1A22,NA,NA,NA,NA,NA,NA
Philippines,2011,1B1B,NA,NA,NA,NA,NA,NA
Philippines,2011,1B2,NA,NA,NA,NA,NA,NA
Philippines,2011,1B2A,NA,NA,NA,NA,NA,NA
Philippines,2011,1B2A1,NA,NA,NA,NA,NA,NA
Philippines,2011,1B2A2,NA,NA,NA,NA,NA,NA
Philippines,2011,1B2A3,NA,NA,NA,NA,NA,NA
Philippines,2011,1B2A31,NA,NA,NA,NA,NA,NA
Philippines,2011,1B2A32,NA,NA,NA,NA,NA,NA
Philippines,2011,1B2A33,NA,NA,NA,NA,NA,NA
Philippines,2011,1B2A34,NA,NA,NA,NA,NA,NA
Philippines,2011,1B2A35,NA,NA,NA,NA,NA,NA
Philippines,2011,1B2A36,NA,NA,NA,NA,NA,NA
Philippines,2011,1B2B,NA,NA,NA,NA,NA,NA
Philippines,2011,1B2B1,NA,NA,NA,NA,NA,NA
Philippines,2011,1B2B2,NA,NA,NA,NA,NA,NA
Philippines,2011,1B2B3,NA,NA,NA,NA,NA,NA
Philippines,2011,1B2B31,NA,NA,NA,NA,NA,NA
Philippines,2011,1B2B32,NA,NA,NA,NA,NA,NA
Philippines,2011,1B2B33,NA,NA,NA,NA,NA,NA
Philippines,2011,1B2B34,NA,NA,NA,NA,NA,NA
Philippines,2011,1B2B35,NA,NA,NA,NA,NA,NA
Philippines,2011,1B2B36,NA,NA,NA,NA,NA,NA
Philippines,2011,1B3,NA,NA,NA,NA,NA,NA
Philippines,2011,1C,NA,NA,NA,NA,NA,NA
Philippines,2011,1C1,NA,NA,NA,NA,NA,NA
Philippines,2011,1C1A,NA,NA,NA,NA,NA,NA
Philippines,2011,1C1B,NA,NA,NA,NA,NA,NA
Philippines,2011,1C1C,NA,NA,NA,NA,NA,NA
Philippines,2011,1C2,NA,NA,NA,NA,NA,NA
Philippines,2011,1C2A,NA,NA,NA,NA,NA,NA
Philippines,2011,1C2B,NA,NA,NA,NA,NA,NA
Philippines,2011,1C3,NA,NA,NA,NA,NA,NA
Philippines,2011,2A,NA,NA,NA,NA,NA,NA
Philippines,2011,2A1,NA,NA,NA,NA,NA,NA
Philippines,2011,2A2,NA,NA,NA,NA,NA,NA
Philippines,2011,2A3,NA,NA,NA,NA,NA,NA
Philippines,2011,2A4,NA,NA,NA,NA,NA,NA
Philippines,2011,2A4A,NA,NA,NA,NA,NA,NA
Philippines,2011,2A4B,NA,NA,NA,NA,NA,NA
Philippines,2011,2A4C,NA,NA,NA,NA,NA,NA
Philippines,2011,2A4D,NA,NA,NA,NA,NA,NA
Philippines,2011,2B,NA,NA,NA,NA,NA,NA
Philippines,2011,2B1,NA,NA,NA,NA,NA,NA
Philippines,2011,2B10,NA,NA,NA,NA,NA,NA
Philippines,2011,2B2,NA,NA,NA,NA,NA,NA
Philippines,2011,2B3,NA,NA,NA,NA,NA,NA
Philippines,2011,2B4,NA,NA,NA,NA,NA,NA
Philippines,2011,2B5,NA,NA,NA,NA,NA,NA
Philippines,2011,2B6,NA,NA,NA,NA,NA,NA
Philippines,2011,2B7,NA,NA,NA,NA,NA,NA
Philippines,2011,2B8,NA,NA,NA,NA,NA,NA
Philippines,2011,2B8A,NA,NA,NA,NA,NA,NA
Philippines,2011,2B8B,NA,NA,NA,NA,NA,NA
Philippines,2011,2B8C,NA,NA,NA,NA,NA,NA
Philippines,2011,2B8D,NA,NA,NA,NA,NA,NA
Philippines,2011,2B8E,NA,NA,NA,NA,NA,NA
Philippines,2011,2B8F,NA,NA,NA,NA,NA,NA
Philippines,2011,2B9,NA,NA,NA,NA,NA,NA
Philippines,2011,2B9A,NA,NA,NA,NA,NA,NA
Philippines,2011,2B9B,NA,NA,NA,NA,NA,NA
Philippines,2011,2C,NA,NA,NA,NA,NA,NA
Philippines,2011,2C1,NA,NA,NA,NA,NA,NA
Philippines,2011,2C2,NA,NA,NA,NA,NA,NA
Philippines,2011,2C3,NA,NA,NA,NA,NA,NA
Philippines,2011,2C4,NA,NA,NA,NA,NA,NA
Philippines,2011,2C5,NA,NA,NA,NA,NA,NA
Philippines,2011,2C6,NA,NA,NA,NA,NA,NA
Philippines,2011,2C7,NA,NA,NA,NA,NA,NA
Philippines,2011,2D,NA,NA,NA,NA,NA,NA
Philippines,2011,2D1,NA,NA,NA,NA,NA,NA
Philippines,2011,2D2,NA,NA,NA,NA,NA,NA
Philippines,2011,2D3,NA,NA,NA,NA,NA,NA
Philippines,2011,2D4,NA,NA,NA,NA,NA,NA
Philippines,2011,2E,NA,NA,NA,NA,NA,NA
Philippines,2011,2E1,NA,NA,NA,NA,NA,NA
Philippines,2011,2E2,NA,NA,NA,NA,NA,NA
Philippines,2011,2E3,NA,NA,NA,NA,NA,NA
Philippines,2011,2E4,NA,NA,NA,NA,NA,NA
Philippines,2011,2E5,NA,NA,NA,NA,NA,NA
Philippines,2011,2F,NA,NA,NA,NA,NA,NA
Philippines,2011,2F1,NA,NA,NA,NA,NA,NA
Philippines,2011,2F2,NA,NA,NA,NA,NA,NA
Philippines,2011,2F3,NA,NA,NA,NA,NA,NA
Philippines,2011,2F4,NA,NA,NA,NA,NA,NA
Philippines,2011,2F5,NA,NA,NA,NA,NA,NA
Philippines,2011,2F6,NA,NA,NA,NA,NA,NA
Philippines,2011,2G,NA,NA,NA,NA,NA,NA
Philippines,2011,2G1,NA,NA,NA,NA,NA,NA
Philippines,2011,2G2,NA,NA,NA,NA,NA,NA
Philippines,2011,2G3,NA,NA,NA,NA,NA,NA
Philippines,2011,2G4,NA,NA,NA,NA,NA,NA
Philippines,2011,2H,NA,NA,NA,NA,NA,NA
Philippines,2011,2H1,NA,NA,NA,NA,NA,NA
Philippines,2011,2H2,NA,NA,NA,NA,NA,NA
Philippines,2011,2H3,NA,NA,NA,NA,NA,NA
Philippines,2011,3A,NA,NA,NA,NA,NA,NA
Philippines,2011,3A1,NA,NA,NA,NA,NA,NA
Philippines,2011,3A2,NA,NA,NA,NA,NA,NA
Philippines,2011,3B,NA,NA,NA,NA,NA,NA
Philippines,2011,3B1,NA,NA,NA,NA,NA,NA
Philippines,2011,3B1A,NA,NA,NA,NA,NA,NA
Philippines,2011,3B1B,NA,NA,NA,NA,NA,NA
Philippines,2011,3B2,NA,NA,NA,NA,NA,NA
Philippines,2011,3B2A,NA,NA,NA,NA,NA,NA
Philippines,2011,3B2B,NA,NA,NA,NA,NA,NA
Philippines,2011,3B3,NA,NA,NA,NA,NA,NA
Philippines,2011,3B3A,NA,NA,NA,NA,NA,NA
Philippines,2011,3B3B,NA,NA,NA,NA,NA,NA
Philippines,2011,3B4,NA,NA,NA,NA,NA,NA
Philippines,2011,3B4A,NA,NA,NA,NA,NA,NA
Philippines,2011,3B4B,NA,NA,NA,NA,NA,NA
Philippines,2011,3B5,NA,NA,NA,NA,NA,NA
Philippines,2011,3B5A,NA,NA,NA,NA,NA,NA
Philippines,2011,3B5B,NA,NA,NA,NA,NA,NA
Philippines,2011,3B6,NA,NA,NA,NA,NA,NA
Philippines,2011,3B6A,NA,NA,NA,NA,NA,NA
Philippines,2011,3B6B,NA,NA,NA,NA,NA,NA
Philippines,2011,3B6B1,NA,NA,NA,NA,NA,NA
Philippines,2011,3B6B2,NA,NA,NA,NA,NA,NA
Philippines,2011,3B6B3,NA,NA,NA,NA,NA,NA
Philippines,2011,3B6B4,NA,NA,NA,NA,NA,NA
Philippines,2011,3B6B5,NA,NA,NA,NA,NA,NA
Philippines,2011,3C,NA,NA,NA,NA,NA,NA
Philippines,2011,3C1,NA,NA,NA,NA,NA,NA
Philippines,2011,3C2,NA,NA,NA,NA,NA,NA
Philippines,2011,3C3,NA,NA,NA,NA,NA,NA
Philippines,2011,3C4,NA,NA,NA,NA,NA,NA
Philippines,2011,3C5,NA,NA,NA,NA,NA,NA
Philippines,2011,3C6,NA,NA,NA,NA,NA,NA
Philippines,2011,3C7,NA,NA,NA,NA,NA,NA
Philippines,2011,3C8,NA,NA,NA,NA,NA,NA
Philippines,2011,3D,NA,NA,NA,NA,NA,NA
Philippines,2011,3D1,NA,NA,NA,NA,NA,NA
Philippines,2011,3D2,NA,NA,NA,NA,NA,NA
Philippines,2011,4A,NA,NA,NA,NA,NA,NA
Philippines,2011,4A1,NA,NA,NA,NA,NA,NA
Philippines,2011,4A2,NA,NA,NA,NA,NA,NA
Philippines,2011,4A3,NA,NA,NA,NA,NA,NA
Philippines,2011,4B,NA,NA,NA,NA,NA,NA
Philippines,2011,4C,NA,NA,NA,NA,NA,NA
Philippines,2011,4C1,NA,NA,NA,NA,NA,NA
Philippines,2011,4C2,NA,NA,NA,NA,NA,NA
Philippines,2011,4D,NA,NA,NA,NA,NA,NA
Philippines,2011,4D1,NA,NA,NA,NA,NA,NA
Philippines,2011,4D2,NA,NA,NA,NA,NA,NA
Philippines,2011,4E,NA,NA,NA,NA,NA,NA
Philippines,2011,5A,NA,NA,NA,NA,NA,NA
Philippines,2011,5A1,NA,NA,NA,NA,NA,NA
Philippines,2011,5A2,NA,NA,NA,NA,NA,NA
Philippines,2012,0,NA,NA,NA,NA,NA,NA
Philippines,2012,1,NA,NA,NA,NA,NA,NA
Philippines,2012,2,NA,NA,NA,NA,NA,NA
Philippines,2012,3,NA,NA,NA,NA,NA,NA
Philippines,2012,4,NA,NA,NA,NA,NA,NA
Philippines,2012,5,NA,NA,NA,NA,NA,NA
Philippines,2012,1A,Coal,NA,NA,NA,NA,NA
Philippines,2012,1A,Natural gas,NA,NA,NA,NA,NA
Philippines,2012,1A,Oil,NA,NA,NA,NA,NA
Philippines,2012,1A1,Coal,NA,NA,NA,NA,NA
Philippines,2012,1A1,Natural gas,NA,NA,NA,NA,NA
Philippines,2012,1A1,Oil,NA,NA,NA,NA,NA
Philippines,2012,1A1A,Coal,NA,NA,NA,NA,NA
Philippines,2012,1A1A,Natural gas,NA,NA,NA,NA,NA
Philippines,2012,1A1A,Oil,NA,NA,NA,NA,NA
Philippines,2012,1A1A1,Coal,NA,NA,NA,NA,NA
Philippines,2012,1A1A1,Natural gas,NA,NA,NA,NA,NA
Philippines,2012,1A1A1,Oil,NA,NA,NA,NA,NA
Philippines,2012,1A1A2,Coal,NA,NA,NA,NA,NA
Philippines,2012,1A1A2,Natural gas,NA,NA,NA,NA,NA
Philippines,2012,1A1A2,Oil,NA,NA,NA,NA,NA
Philippines,2012,1A1A3,Coal,NA,NA,NA,NA,NA
Philippines,2012,1A1A3,Natural gas,NA,NA,NA,NA,NA
Philippines,2012,1A1A3,Oil,NA,NA,NA,NA,NA
Philippines,2012,1A1B,Coal,NA,NA,NA,NA,NA
Philippines,2012,1A1B,Natural gas,NA,NA,NA,NA,NA
Philippines,2012,1A1B,Oil,NA,NA,NA,NA,NA
Philippines,2012,1A1C,Coal,NA,NA,NA,NA,NA
Philippines,2012,1A1C,Natural gas,NA,NA,NA,NA,NA
Philippines,2012,1A1C,Oil,NA,NA,NA,NA,NA
Philippines,2012,1A2,Coal,NA,NA,NA,NA,NA
Philippines,2012,1A2,Natural gas,NA,NA,NA,NA,NA
Philippines,2012,1A2,Oil,NA,NA,NA,NA,NA
Philippines,2012,1A2A,Coal,NA,NA,NA,NA,NA
Philippines,2012,1A2A,Natural gas,NA,NA,NA,NA,NA
Philippines,2012,1A2A,Oil,NA,NA,NA,NA,NA
Philippines,2012,1A2B,Coal,NA,NA,NA,NA,NA
Philippines,2012,1A2B,Natural gas,NA,NA,NA,NA,NA
Philippines,2012,1A2B,Oil,NA,NA,NA,NA,NA
Philippines,2012,1A2C,Coal,NA,NA,NA,NA,NA
Philippines,2012,1A2C,Natural gas,NA,NA,NA,NA,NA
Philippines,2012,1A2C,Oil,NA,NA,NA,NA,NA
Philippines,2012,1A2D,Coal,NA,NA,NA,NA,NA
Philippines,2012,1A2D,Natural gas,NA,NA,NA,NA,NA
Philippines,2012,1A2D,Oil,NA,NA,NA,NA,NA
Philippines,2012,1A2E,Coal,NA,NA,NA,NA,NA
Philippines,2012,1A2E,Natural gas,NA,NA,NA,NA,NA
Philippines,2012,1A2E,Oil,NA,NA,NA,NA,NA
Philippines,2012,1A2F,Coal,NA,NA,NA,NA,NA
Philippines,2012,1A2F,Natural gas,NA,NA,NA,NA,NA
Philippines,2012,1A2F,Oil,NA,NA,NA,NA,NA
Philippines,2012,1A2G,Coal,NA,NA,NA,NA,NA
Philippines,2012,1A2G,Natural gas,NA,NA,NA,NA,NA
Philippines,2012,1A2G,Oil,NA,NA,NA,NA,NA
Philippines,2012,1A2H,Coal,NA,NA,NA,NA,NA
Philippines,2012,1A2H,Natural gas,NA,NA,NA,NA,NA
Philippines,2012,1A2H,Oil,NA,NA,NA,NA,NA
Philippines,2012,1A2I,Coal,NA,NA,NA,NA,NA
Philippines,2012,1A2I,Natural gas,NA,NA,NA,NA,NA
Philippines,2012,1A2I,Oil,NA,NA,NA,NA,NA
Philippines,2012,1A2J,Coal,NA,NA,NA,NA,NA
Philippines,2012,1A2J,Natural gas,NA,NA,NA,NA,NA
Philippines,2012,1A2J,Oil,NA,NA,NA,NA,NA
Philippines,2012,1A2K,Coal,NA,NA,NA,NA,NA
Philippines,2012,1A2K,Natural gas,NA,NA,NA,NA,NA
Philippines,2012,1A2K,Oil,NA,NA,NA,NA,NA
Philippines,2012,1A2L,Coal,NA,NA,NA,NA,NA
Philippines,2012,1A2L,Natural gas,NA,NA,NA,NA,NA
Philippines,2012,1A2L,Oil,NA,NA,NA,NA,NA
Philippines,2012,1A2M,Coal,NA,NA,NA,NA,NA
Philippines,2012,1A2M,Natural gas,NA,NA,NA,NA,NA
Philippines,2012,1A2M,Oil,NA,NA,NA,NA,NA
Philippines,2012,1A3,Coal,NA,NA,NA,NA,NA
Philippines,2012,1A3,Natural gas,NA,NA,NA,NA,NA
Philippines,2012,1A3,Oil,NA,NA,NA,NA,NA
Philippines,2012,1A3A,Coal,NA,NA,NA,NA,NA
Philippines,2012,1A3A,Natural gas,NA,NA,NA,NA,NA
Philippines,2012,1A3A,Oil,NA,NA,NA,NA,NA
Philippines,2012,1A3A1,Coal,NA,NA,NA,NA,NA
Philippines,2012,1A3A1,Natural gas,NA,NA,NA,NA,NA
Philippines,2012,1A3A1,Oil,NA,NA,NA,NA,NA
Philippines,2012,1A3A2,Coal,NA,NA,NA,NA,NA
Philippines,2012,1A3A2,Natural gas,NA,NA,NA,NA,NA
Philippines,2012,1A3A2,Oil,NA,NA,NA,NA,NA
Philippines,2012,1A3B,Coal,NA,NA,NA,NA,NA
Philippines,2012,1A3B,Natural gas,NA,NA,NA,NA,NA
Philippines,2012,1A3B,Oil,NA,NA,NA,NA,NA
Philippines,2012,1A3C,Coal,NA,NA,NA,NA,NA
Philippines,2012,1A3C,Natural gas,NA,NA,NA,NA,NA
Philippines,2012,1A3C,Oil,NA,NA,NA,NA,NA
Philippines,2012,1A3D,Coal,NA,NA,NA,NA,NA
Philippines,2012,1A3D,Natural gas,NA,NA,NA,NA,NA
Philippines,2012,1A3D,Oil,NA,NA,NA,NA,NA
Philippines,2012,1A3D1,Coal,NA,NA,NA,NA,NA
Philippines,2012,1A3D1,Natural gas,NA,NA,NA,NA,NA
Philippines,2012,1A3D1,Oil,NA,NA,NA,NA,NA
Philippines,2012,1A3D2,Coal,NA,NA,NA,NA,NA
Philippines,2012,1A3D2,Natural gas,NA,NA,NA,NA,NA
Philippines,2012,1A3D2,Oil,NA,NA,NA,NA,NA
Philippines,2012,1A3E,Coal,NA,NA,NA,NA,NA
Philippines,2012,1A3E,Natural gas,NA,NA,NA,NA,NA
Philippines,2012,1A3E,Oil,NA,NA,NA,NA,NA
Philippines,2012,1A3E1,Coal,NA,NA,NA,NA,NA
Philippines,2012,1A3E1,Natural gas,NA,NA,NA,NA,NA
Philippines,2012,1A3E1,Oil,NA,NA,NA,NA,NA
Philippines,2012,1A4,Coal,NA,NA,NA,NA,NA
Philippines,2012,1A4,Natural gas,NA,NA,NA,NA,NA
Philippines,2012,1A4,Oil,NA,NA,NA,NA,NA
Philippines,2012,1A4A,Coal,NA,NA,NA,NA,NA
Philippines,2012,1A4A,Natural gas,NA,NA,NA,NA,NA
Philippines,2012,1A4A,Oil,NA,NA,NA,NA,NA
Philippines,2012,1A4B,Coal,NA,NA,NA,NA,NA
Philippines,2012,1A4B,Natural gas,NA,NA,NA,NA,NA
Philippines,2012,1A4B,Oil,NA,NA,NA,NA,NA
Philippines,2012,1A4C,Coal,NA,NA,NA,NA,NA
Philippines,2012,1A4C,Natural gas,NA,NA,NA,NA,NA
Philippines,2012,1A4C,Oil,NA,NA,NA,NA,NA
Philippines,2012,1A4C1,Coal,NA,NA,NA,NA,NA
Philippines,2012,1A4C1,Natural gas,NA,NA,NA,NA,NA
Philippines,2012,1A4C1,Oil,NA,NA,NA,NA,NA
Philippines,2012,1A4C2,Coal,NA,NA,NA,NA,NA
Philippines,2012,1A4C2,Natural gas,NA,NA,NA,NA,NA
Philippines,2012,1A4C2,Oil,NA,NA,NA,NA,NA
Philippines,2012,1A4C3,Coal,NA,NA,NA,NA,NA
Philippines,2012,1A4C3,Natural gas,NA,NA,NA,NA,NA
Philippines,2012,1A4C3,Oil,NA,NA,NA,NA,NA
Philippines,2012,1A5,Coal,NA,NA,NA,NA,NA
Philippines,2012,1A5,Natural gas,NA,NA,NA,NA,NA
Philippines,2012,1A5,Oil,NA,NA,NA,NA,NA
Philippines,2012,1A5A,Coal,NA,NA,NA,NA,NA
Philippines,2012,1A5A,Natural gas,NA,NA,NA,NA,NA
Philippines,2012,1A5A,Oil,NA,NA,NA,NA,NA
Philippines,2012,1A5B,Coal,NA,NA,NA,NA,NA
Philippines,2012,1A5B,Natural gas,NA,NA,NA,NA,NA
Philippines,2012,1A5B,Oil,NA,NA,NA,NA,NA
Philippines,2012,1A5C,Coal,NA,NA,NA,NA,NA
Philippines,2012,1A5C,Natural gas,NA,NA,NA,NA,NA
Philippines,2012,1A5C,Oil,NA,NA,NA,NA,NA
Philippines,2012,1B,NA,NA,NA,NA,NA,NA
Philippines,2012,1B1,NA,NA,NA,NA,NA,NA
Philippines,2012,1B1A,NA,NA,NA,NA,NA,NA
Philippines,2012,1B1A1,NA,NA,NA,NA,NA,NA
Philippines,2012,1B1A11,NA,NA,NA,NA,NA,NA
Philippines,2012,1B1A12,NA,NA,NA,NA,NA,NA
Philippines,2012,1B1A13,NA,NA,NA,NA,NA,NA
Philippines,2012,1B1A14,NA,NA,NA,NA,NA,NA
Philippines,2012,1B1A2,NA,NA,NA,NA,NA,NA
Philippines,2012,1B1A21,NA,NA,NA,NA,NA,NA
Philippines,2012,1B1A22,NA,NA,NA,NA,NA,NA
Philippines,2012,1B1B,NA,NA,NA,NA,NA,NA
Philippines,2012,1B2,NA,NA,NA,NA,NA,NA
Philippines,2012,1B2A,NA,NA,NA,NA,NA,NA
Philippines,2012,1B2A1,NA,NA,NA,NA,NA,NA
Philippines,2012,1B2A2,NA,NA,NA,NA,NA,NA
Philippines,2012,1B2A3,NA,NA,NA,NA,NA,NA
Philippines,2012,1B2A31,NA,NA,NA,NA,NA,NA
Philippines,2012,1B2A32,NA,NA,NA,NA,NA,NA
Philippines,2012,1B2A33,NA,NA,NA,NA,NA,NA
Philippines,2012,1B2A34,NA,NA,NA,NA,NA,NA
Philippines,2012,1B2A35,NA,NA,NA,NA,NA,NA
Philippines,2012,1B2A36,NA,NA,NA,NA,NA,NA
Philippines,2012,1B2B,NA,NA,NA,NA,NA,NA
Philippines,2012,1B2B1,NA,NA,NA,NA,NA,NA
Philippines,2012,1B2B2,NA,NA,NA,NA,NA,NA
Philippines,2012,1B2B3,NA,NA,NA,NA,NA,NA
Philippines,2012,1B2B31,NA,NA,NA,NA,NA,NA
Philippines,2012,1B2B32,NA,NA,NA,NA,NA,NA
Philippines,2012,1B2B33,NA,NA,NA,NA,NA,NA
Philippines,2012,1B2B34,NA,NA,NA,NA,NA,NA
Philippines,2012,1B2B35,NA,NA,NA,NA,NA,NA
Philippines,2012,1B2B36,NA,NA,NA,NA,NA,NA
Philippines,2012,1B3,NA,NA,NA,NA,NA,NA
Philippines,2012,1C,NA,NA,NA,NA,NA,NA
Philippines,2012,1C1,NA,NA,NA,NA,NA,NA
Philippines,2012,1C1A,NA,NA,NA,NA,NA,NA
Philippines,2012,1C1B,NA,NA,NA,NA,NA,NA
Philippines,2012,1C1C,NA,NA,NA,NA,NA,NA
Philippines,2012,1C2,NA,NA,NA,NA,NA,NA
Philippines,2012,1C2A,NA,NA,NA,NA,NA,NA
Philippines,2012,1C2B,NA,NA,NA,NA,NA,NA
Philippines,2012,1C3,NA,NA,NA,NA,NA,NA
Philippines,2012,2A,NA,NA,NA,NA,NA,NA
Philippines,2012,2A1,NA,NA,NA,NA,NA,NA
Philippines,2012,2A2,NA,NA,NA,NA,NA,NA
Philippines,2012,2A3,NA,NA,NA,NA,NA,NA
Philippines,2012,2A4,NA,NA,NA,NA,NA,NA
Philippines,2012,2A4A,NA,NA,NA,NA,NA,NA
Philippines,2012,2A4B,NA,NA,NA,NA,NA,NA
Philippines,2012,2A4C,NA,NA,NA,NA,NA,NA
Philippines,2012,2A4D,NA,NA,NA,NA,NA,NA
Philippines,2012,2B,NA,NA,NA,NA,NA,NA
Philippines,2012,2B1,NA,NA,NA,NA,NA,NA
Philippines,2012,2B10,NA,NA,NA,NA,NA,NA
Philippines,2012,2B2,NA,NA,NA,NA,NA,NA
Philippines,2012,2B3,NA,NA,NA,NA,NA,NA
Philippines,2012,2B4,NA,NA,NA,NA,NA,NA
Philippines,2012,2B5,NA,NA,NA,NA,NA,NA
Philippines,2012,2B6,NA,NA,NA,NA,NA,NA
Philippines,2012,2B7,NA,NA,NA,NA,NA,NA
Philippines,2012,2B8,NA,NA,NA,NA,NA,NA
Philippines,2012,2B8A,NA,NA,NA,NA,NA,NA
Philippines,2012,2B8B,NA,NA,NA,NA,NA,NA
Philippines,2012,2B8C,NA,NA,NA,NA,NA,NA
Philippines,2012,2B8D,NA,NA,NA,NA,NA,NA
Philippines,2012,2B8E,NA,NA,NA,NA,NA,NA
Philippines,2012,2B8F,NA,NA,NA,NA,NA,NA
Philippines,2012,2B9,NA,NA,NA,NA,NA,NA
Philippines,2012,2B9A,NA,NA,NA,NA,NA,NA
Philippines,2012,2B9B,NA,NA,NA,NA,NA,NA
Philippines,2012,2C,NA,NA,NA,NA,NA,NA
Philippines,2012,2C1,NA,NA,NA,NA,NA,NA
Philippines,2012,2C2,NA,NA,NA,NA,NA,NA
Philippines,2012,2C3,NA,NA,NA,NA,NA,NA
Philippines,2012,2C4,NA,NA,NA,NA,NA,NA
Philippines,2012,2C5,NA,NA,NA,NA,NA,NA
Philippines,2012,2C6,NA,NA,NA,NA,NA,NA
Philippines,2012,2C7,NA,NA,NA,NA,NA,NA
Philippines,2012,2D,NA,NA,NA,NA,NA,NA
Philippines,2012,2D1,NA,NA,NA,NA,NA,NA
Philippines,2012,2D2,NA,NA,NA,NA,NA,NA
Philippines,2012,2D3,NA,NA,NA,NA,NA,NA
Philippines,2012,2D4,NA,NA,NA,NA,NA,NA
Philippines,2012,2E,NA,NA,NA,NA,NA,NA
Philippines,2012,2E1,NA,NA,NA,NA,NA,NA
Philippines,2012,2E2,NA,NA,NA,NA,NA,NA
Philippines,2012,2E3,NA,NA,NA,NA,NA,NA
Philippines,2012,2E4,NA,NA,NA,NA,NA,NA
Philippines,2012,2E5,NA,NA,NA,NA,NA,NA
Philippines,2012,2F,NA,NA,NA,NA,NA,NA
Philippines,2012,2F1,NA,NA,NA,NA,NA,NA
Philippines,2012,2F2,NA,NA,NA,NA,NA,NA
Philippines,2012,2F3,NA,NA,NA,NA,NA,NA
Philippines,2012,2F4,NA,NA,NA,NA,NA,NA
Philippines,2012,2F5,NA,NA,NA,NA,NA,NA
Philippines,2012,2F6,NA,NA,NA,NA,NA,NA
Philippines,2012,2G,NA,NA,NA,NA,NA,NA
Philippines,2012,2G1,NA,NA,NA,NA,NA,NA
Philippines,2012,2G2,NA,NA,NA,NA,NA,NA
Philippines,2012,2G3,NA,NA,NA,NA,NA,NA
Philippines,2012,2G4,NA,NA,NA,NA,NA,NA
Philippines,2012,2H,NA,NA,NA,NA,NA,NA
Philippines,2012,2H1,NA,NA,NA,NA,NA,NA
Philippines,2012,2H2,NA,NA,NA,NA,NA,NA
Philippines,2012,2H3,NA,NA,NA,NA,NA,NA
Philippines,2012,3A,NA,NA,NA,NA,NA,NA
Philippines,2012,3A1,NA,NA,NA,NA,NA,NA
Philippines,2012,3A2,NA,NA,NA,NA,NA,NA
Philippines,2012,3B,NA,NA,NA,NA,NA,NA
Philippines,2012,3B1,NA,NA,NA,NA,NA,NA
Philippines,2012,3B1A,NA,NA,NA,NA,NA,NA
Philippines,2012,3B1B,NA,NA,NA,NA,NA,NA
Philippines,2012,3B2,NA,NA,NA,NA,NA,NA
Philippines,2012,3B2A,NA,NA,NA,NA,NA,NA
Philippines,2012,3B2B,NA,NA,NA,NA,NA,NA
Philippines,2012,3B3,NA,NA,NA,NA,NA,NA
Philippines,2012,3B3A,NA,NA,NA,NA,NA,NA
Philippines,2012,3B3B,NA,NA,NA,NA,NA,NA
Philippines,2012,3B4,NA,NA,NA,NA,NA,NA
Philippines,2012,3B4A,NA,NA,NA,NA,NA,NA
Philippines,2012,3B4B,NA,NA,NA,NA,NA,NA
Philippines,2012,3B5,NA,NA,NA,NA,NA,NA
Philippines,2012,3B5A,NA,NA,NA,NA,NA,NA
Philippines,2012,3B5B,NA,NA,NA,NA,NA,NA
Philippines,2012,3B6,NA,NA,NA,NA,NA,NA
Philippines,2012,3B6A,NA,NA,NA,NA,NA,NA
Philippines,2012,3B6B,NA,NA,NA,NA,NA,NA
Philippines,2012,3B6B1,NA,NA,NA,NA,NA,NA
Philippines,2012,3B6B2,NA,NA,NA,NA,NA,NA
Philippines,2012,3B6B3,NA,NA,NA,NA,NA,NA
Philippines,2012,3B6B4,NA,NA,NA,NA,NA,NA
Philippines,2012,3B6B5,NA,NA,NA,NA,NA,NA
Philippines,2012,3C,NA,NA,NA,NA,NA,NA
Philippines,2012,3C1,NA,NA,NA,NA,NA,NA
Philippines,2012,3C2,NA,NA,NA,NA,NA,NA
Philippines,2012,3C3,NA,NA,NA,NA,NA,NA
Philippines,2012,3C4,NA,NA,NA,NA,NA,NA
Philippines,2012,3C5,NA,NA,NA,NA,NA,NA
Philippines,2012,3C6,NA,NA,NA,NA,NA,NA
Philippines,2012,3C7,NA,NA,NA,NA,NA,NA
Philippines,2012,3C8,NA,NA,NA,NA,NA,NA
Philippines,2012,3D,NA,NA,NA,NA,NA,NA
Philippines,2012,3D1,NA,NA,NA,NA,NA,NA
Philippines,2012,3D2,NA,NA,NA,NA,NA,NA
Philippines,2012,4A,NA,NA,NA,NA,NA,NA
Philippines,2012,4A1,NA,NA,NA,NA,NA,NA
Philippines,2012,4A2,NA,NA,NA,NA,NA,NA
Philippines,2012,4A3,NA,NA,NA,NA,NA,NA
Philippines,2012,4B,NA,NA,NA,NA,NA,NA
Philippines,2012,4C,NA,NA,NA,NA,NA,NA
Philippines,2012,4C1,NA,NA,NA,NA,NA,NA
Philippines,2012,4C2,NA,NA,NA,NA,NA,NA
Philippines,2012,4D,NA,NA,NA,NA,NA,NA
Philippines,2012,4D1,NA,NA,NA,NA,NA,NA
Philippines,2012,4D2,NA,NA,NA,NA,NA,NA
Philippines,2012,4E,NA,NA,NA,NA,NA,NA
Philippines,2012,5A,NA,NA,NA,NA,NA,NA
Philippines,2012,5A1,NA,NA,NA,NA,NA,NA
Philippines,2012,5A2,NA,NA,NA,NA,NA,NA
Philippines,2013,0,NA,NA,NA,NA,NA,NA
Philippines,2013,1,NA,NA,NA,NA,NA,NA
Philippines,2013,2,NA,NA,NA,NA,NA,NA
Philippines,2013,3,NA,NA,NA,NA,NA,NA
Philippines,2013,4,NA,NA,NA,NA,NA,NA
Philippines,2013,5,NA,NA,NA,NA,NA,NA
Philippines,2013,1A,Coal,NA,NA,NA,NA,NA
Philippines,2013,1A,Natural gas,NA,NA,NA,NA,NA
Philippines,2013,1A,Oil,NA,NA,NA,NA,NA
Philippines,2013,1A1,Coal,NA,NA,NA,NA,NA
Philippines,2013,1A1,Natural gas,NA,NA,NA,NA,NA
Philippines,2013,1A1,Oil,NA,NA,NA,NA,NA
Philippines,2013,1A1A,Coal,NA,NA,NA,NA,NA
Philippines,2013,1A1A,Natural gas,NA,NA,NA,NA,NA
Philippines,2013,1A1A,Oil,NA,NA,NA,NA,NA
Philippines,2013,1A1A1,Coal,NA,NA,NA,NA,NA
Philippines,2013,1A1A1,Natural gas,NA,NA,NA,NA,NA
Philippines,2013,1A1A1,Oil,NA,NA,NA,NA,NA
Philippines,2013,1A1A2,Coal,NA,NA,NA,NA,NA
Philippines,2013,1A1A2,Natural gas,NA,NA,NA,NA,NA
Philippines,2013,1A1A2,Oil,NA,NA,NA,NA,NA
Philippines,2013,1A1A3,Coal,NA,NA,NA,NA,NA
Philippines,2013,1A1A3,Natural gas,NA,NA,NA,NA,NA
Philippines,2013,1A1A3,Oil,NA,NA,NA,NA,NA
Philippines,2013,1A1B,Coal,NA,NA,NA,NA,NA
Philippines,2013,1A1B,Natural gas,NA,NA,NA,NA,NA
Philippines,2013,1A1B,Oil,NA,NA,NA,NA,NA
Philippines,2013,1A1C,Coal,NA,NA,NA,NA,NA
Philippines,2013,1A1C,Natural gas,NA,NA,NA,NA,NA
Philippines,2013,1A1C,Oil,NA,NA,NA,NA,NA
Philippines,2013,1A2,Coal,NA,NA,NA,NA,NA
Philippines,2013,1A2,Natural gas,NA,NA,NA,NA,NA
Philippines,2013,1A2,Oil,NA,NA,NA,NA,NA
Philippines,2013,1A2A,Coal,NA,NA,NA,NA,NA
Philippines,2013,1A2A,Natural gas,NA,NA,NA,NA,NA
Philippines,2013,1A2A,Oil,NA,NA,NA,NA,NA
Philippines,2013,1A2B,Coal,NA,NA,NA,NA,NA
Philippines,2013,1A2B,Natural gas,NA,NA,NA,NA,NA
Philippines,2013,1A2B,Oil,NA,NA,NA,NA,NA
Philippines,2013,1A2C,Coal,NA,NA,NA,NA,NA
Philippines,2013,1A2C,Natural gas,NA,NA,NA,NA,NA
Philippines,2013,1A2C,Oil,NA,NA,NA,NA,NA
Philippines,2013,1A2D,Coal,NA,NA,NA,NA,NA
Philippines,2013,1A2D,Natural gas,NA,NA,NA,NA,NA
Philippines,2013,1A2D,Oil,NA,NA,NA,NA,NA
Philippines,2013,1A2E,Coal,NA,NA,NA,NA,NA
Philippines,2013,1A2E,Natural gas,NA,NA,NA,NA,NA
Philippines,2013,1A2E,Oil,NA,NA,NA,NA,NA
Philippines,2013,1A2F,Coal,NA,NA,NA,NA,NA
Philippines,2013,1A2F,Natural gas,NA,NA,NA,NA,NA
Philippines,2013,1A2F,Oil,NA,NA,NA,NA,NA
Philippines,2013,1A2G,Coal,NA,NA,NA,NA,NA
Philippines,2013,1A2G,Natural gas,NA,NA,NA,NA,NA
Philippines,2013,1A2G,Oil,NA,NA,NA,NA,NA
Philippines,2013,1A2H,Coal,NA,NA,NA,NA,NA
Philippines,2013,1A2H,Natural gas,NA,NA,NA,NA,NA
Philippines,2013,1A2H,Oil,NA,NA,NA,NA,NA
Philippines,2013,1A2I,Coal,NA,NA,NA,NA,NA
Philippines,2013,1A2I,Natural gas,NA,NA,NA,NA,NA
Philippines,2013,1A2I,Oil,NA,NA,NA,NA,NA
Philippines,2013,1A2J,Coal,NA,NA,NA,NA,NA
Philippines,2013,1A2J,Natural gas,NA,NA,NA,NA,NA
Philippines,2013,1A2J,Oil,NA,NA,NA,NA,NA
Philippines,2013,1A2K,Coal,NA,NA,NA,NA,NA
Philippines,2013,1A2K,Natural gas,NA,NA,NA,NA,NA
Philippines,2013,1A2K,Oil,NA,NA,NA,NA,NA
Philippines,2013,1A2L,Coal,NA,NA,NA,NA,NA
Philippines,2013,1A2L,Natural gas,NA,NA,NA,NA,NA
Philippines,2013,1A2L,Oil,NA,NA,NA,NA,NA
Philippines,2013,1A2M,Coal,NA,NA,NA,NA,NA
Philippines,2013,1A2M,Natural gas,NA,NA,NA,NA,NA
Philippines,2013,1A2M,Oil,NA,NA,NA,NA,NA
Philippines,2013,1A3,Coal,NA,NA,NA,NA,NA
Philippines,2013,1A3,Natural gas,NA,NA,NA,NA,NA
Philippines,2013,1A3,Oil,NA,NA,NA,NA,NA
Philippines,2013,1A3A,Coal,NA,NA,NA,NA,NA
Philippines,2013,1A3A,Natural gas,NA,NA,NA,NA,NA
Philippines,2013,1A3A,Oil,NA,NA,NA,NA,NA
Philippines,2013,1A3A1,Coal,NA,NA,NA,NA,NA
Philippines,2013,1A3A1,Natural gas,NA,NA,NA,NA,NA
Philippines,2013,1A3A1,Oil,NA,NA,NA,NA,NA
Philippines,2013,1A3A2,Coal,NA,NA,NA,NA,NA
Philippines,2013,1A3A2,Natural gas,NA,NA,NA,NA,NA
Philippines,2013,1A3A2,Oil,NA,NA,NA,NA,NA
Philippines,2013,1A3B,Coal,NA,NA,NA,NA,NA
Philippines,2013,1A3B,Natural gas,NA,NA,NA,NA,NA
Philippines,2013,1A3B,Oil,NA,NA,NA,NA,NA
Philippines,2013,1A3C,Coal,NA,NA,NA,NA,NA
Philippines,2013,1A3C,Natural gas,NA,NA,NA,NA,NA
Philippines,2013,1A3C,Oil,NA,NA,NA,NA,NA
Philippines,2013,1A3D,Coal,NA,NA,NA,NA,NA
Philippines,2013,1A3D,Natural gas,NA,NA,NA,NA,NA
Philippines,2013,1A3D,Oil,NA,NA,NA,NA,NA
Philippines,2013,1A3D1,Coal,NA,NA,NA,NA,NA
Philippines,2013,1A3D1,Natural gas,NA,NA,NA,NA,NA
Philippines,2013,1A3D1,Oil,NA,NA,NA,NA,NA
Philippines,2013,1A3D2,Coal,NA,NA,NA,NA,NA
Philippines,2013,1A3D2,Natural gas,NA,NA,NA,NA,NA
Philippines,2013,1A3D2,Oil,NA,NA,NA,NA,NA
Philippines,2013,1A3E,Coal,NA,NA,NA,NA,NA
Philippines,2013,1A3E,Natural gas,NA,NA,NA,NA,NA
Philippines,2013,1A3E,Oil,NA,NA,NA,NA,NA
Philippines,2013,1A3E1,Coal,NA,NA,NA,NA,NA
Philippines,2013,1A3E1,Natural gas,NA,NA,NA,NA,NA
Philippines,2013,1A3E1,Oil,NA,NA,NA,NA,NA
Philippines,2013,1A4,Coal,NA,NA,NA,NA,NA
Philippines,2013,1A4,Natural gas,NA,NA,NA,NA,NA
Philippines,2013,1A4,Oil,NA,NA,NA,NA,NA
Philippines,2013,1A4A,Coal,NA,NA,NA,NA,NA
Philippines,2013,1A4A,Natural gas,NA,NA,NA,NA,NA
Philippines,2013,1A4A,Oil,NA,NA,NA,NA,NA
Philippines,2013,1A4B,Coal,NA,NA,NA,NA,NA
Philippines,2013,1A4B,Natural gas,NA,NA,NA,NA,NA
Philippines,2013,1A4B,Oil,NA,NA,NA,NA,NA
Philippines,2013,1A4C,Coal,NA,NA,NA,NA,NA
Philippines,2013,1A4C,Natural gas,NA,NA,NA,NA,NA
Philippines,2013,1A4C,Oil,NA,NA,NA,NA,NA
Philippines,2013,1A4C1,Coal,NA,NA,NA,NA,NA
Philippines,2013,1A4C1,Natural gas,NA,NA,NA,NA,NA
Philippines,2013,1A4C1,Oil,NA,NA,NA,NA,NA
Philippines,2013,1A4C2,Coal,NA,NA,NA,NA,NA
Philippines,2013,1A4C2,Natural gas,NA,NA,NA,NA,NA
Philippines,2013,1A4C2,Oil,NA,NA,NA,NA,NA
Philippines,2013,1A4C3,Coal,NA,NA,NA,NA,NA
Philippines,2013,1A4C3,Natural gas,NA,NA,NA,NA,NA
Philippines,2013,1A4C3,Oil,NA,NA,NA,NA,NA
Philippines,2013,1A5,Coal,NA,NA,NA,NA,NA
Philippines,2013,1A5,Natural gas,NA,NA,NA,NA,NA
Philippines,2013,1A5,Oil,NA,NA,NA,NA,NA
Philippines,2013,1A5A,Coal,NA,NA,NA,NA,NA
Philippines,2013,1A5A,Natural gas,NA,NA,NA,NA,NA
Philippines,2013,1A5A,Oil,NA,NA,NA,NA,NA
Philippines,2013,1A5B,Coal,NA,NA,NA,NA,NA
Philippines,2013,1A5B,Natural gas,NA,NA,NA,NA,NA
Philippines,2013,1A5B,Oil,NA,NA,NA,NA,NA
Philippines,2013,1A5C,Coal,NA,NA,NA,NA,NA
Philippines,2013,1A5C,Natural gas,NA,NA,NA,NA,NA
Philippines,2013,1A5C,Oil,NA,NA,NA,NA,NA
Philippines,2013,1B,NA,NA,NA,NA,NA,NA
Philippines,2013,1B1,NA,NA,NA,NA,NA,NA
Philippines,2013,1B1A,NA,NA,NA,NA,NA,NA
Philippines,2013,1B1A1,NA,NA,NA,NA,NA,NA
Philippines,2013,1B1A11,NA,NA,NA,NA,NA,NA
Philippines,2013,1B1A12,NA,NA,NA,NA,NA,NA
Philippines,2013,1B1A13,NA,NA,NA,NA,NA,NA
Philippines,2013,1B1A14,NA,NA,NA,NA,NA,NA
Philippines,2013,1B1A2,NA,NA,NA,NA,NA,NA
Philippines,2013,1B1A21,NA,NA,NA,NA,NA,NA
Philippines,2013,1B1A22,NA,NA,NA,NA,NA,NA
Philippines,2013,1B1B,NA,NA,NA,NA,NA,NA
Philippines,2013,1B2,NA,NA,NA,NA,NA,NA
Philippines,2013,1B2A,NA,NA,NA,NA,NA,NA
Philippines,2013,1B2A1,NA,NA,NA,NA,NA,NA
Philippines,2013,1B2A2,NA,NA,NA,NA,NA,NA
Philippines,2013,1B2A3,NA,NA,NA,NA,NA,NA
Philippines,2013,1B2A31,NA,NA,NA,NA,NA,NA
Philippines,2013,1B2A32,NA,NA,NA,NA,NA,NA
Philippines,2013,1B2A33,NA,NA,NA,NA,NA,NA
Philippines,2013,1B2A34,NA,NA,NA,NA,NA,NA
Philippines,2013,1B2A35,NA,NA,NA,NA,NA,NA
Philippines,2013,1B2A36,NA,NA,NA,NA,NA,NA
Philippines,2013,1B2B,NA,NA,NA,NA,NA,NA
Philippines,2013,1B2B1,NA,NA,NA,NA,NA,NA
Philippines,2013,1B2B2,NA,NA,NA,NA,NA,NA
Philippines,2013,1B2B3,NA,NA,NA,NA,NA,NA
Philippines,2013,1B2B31,NA,NA,NA,NA,NA,NA
Philippines,2013,1B2B32,NA,NA,NA,NA,NA,NA
Philippines,2013,1B2B33,NA,NA,NA,NA,NA,NA
Philippines,2013,1B2B34,NA,NA,NA,NA,NA,NA
Philippines,2013,1B2B35,NA,NA,NA,NA,NA,NA
Philippines,2013,1B2B36,NA,NA,NA,NA,NA,NA
Philippines,2013,1B3,NA,NA,NA,NA,NA,NA
Philippines,2013,1C,NA,NA,NA,NA,NA,NA
Philippines,2013,1C1,NA,NA,NA,NA,NA,NA
Philippines,2013,1C1A,NA,NA,NA,NA,NA,NA
Philippines,2013,1C1B,NA,NA,NA,NA,NA,NA
Philippines,2013,1C1C,NA,NA,NA,NA,NA,NA
Philippines,2013,1C2,NA,NA,NA,NA,NA,NA
Philippines,2013,1C2A,NA,NA,NA,NA,NA,NA
Philippines,2013,1C2B,NA,NA,NA,NA,NA,NA
Philippines,2013,1C3,NA,NA,NA,NA,NA,NA
Philippines,2013,2A,NA,NA,NA,NA,NA,NA
Philippines,2013,2A1,NA,NA,NA,NA,NA,NA
Philippines,2013,2A2,NA,NA,NA,NA,NA,NA
Philippines,2013,2A3,NA,NA,NA,NA,NA,NA
Philippines,2013,2A4,NA,NA,NA,NA,NA,NA
Philippines,2013,2A4A,NA,NA,NA,NA,NA,NA
Philippines,2013,2A4B,NA,NA,NA,NA,NA,NA
Philippines,2013,2A4C,NA,NA,NA,NA,NA,NA
Philippines,2013,2A4D,NA,NA,NA,NA,NA,NA
Philippines,2013,2B,NA,NA,NA,NA,NA,NA
Philippines,2013,2B1,NA,NA,NA,NA,NA,NA
Philippines,2013,2B10,NA,NA,NA,NA,NA,NA
Philippines,2013,2B2,NA,NA,NA,NA,NA,NA
Philippines,2013,2B3,NA,NA,NA,NA,NA,NA
Philippines,2013,2B4,NA,NA,NA,NA,NA,NA
Philippines,2013,2B5,NA,NA,NA,NA,NA,NA
Philippines,2013,2B6,NA,NA,NA,NA,NA,NA
Philippines,2013,2B7,NA,NA,NA,NA,NA,NA
Philippines,2013,2B8,NA,NA,NA,NA,NA,NA
Philippines,2013,2B8A,NA,NA,NA,NA,NA,NA
Philippines,2013,2B8B,NA,NA,NA,NA,NA,NA
Philippines,2013,2B8C,NA,NA,NA,NA,NA,NA
Philippines,2013,2B8D,NA,NA,NA,NA,NA,NA
Philippines,2013,2B8E,NA,NA,NA,NA,NA,NA
Philippines,2013,2B8F,NA,NA,NA,NA,NA,NA
Philippines,2013,2B9,NA,NA,NA,NA,NA,NA
Philippines,2013,2B9A,NA,NA,NA,NA,NA,NA
Philippines,2013,2B9B,NA,NA,NA,NA,NA,NA
Philippines,2013,2C,NA,NA,NA,NA,NA,NA
Philippines,2013,2C1,NA,NA,NA,NA,NA,NA
Philippines,2013,2C2,NA,NA,NA,NA,NA,NA
Philippines,2013,2C3,NA,NA,NA,NA,NA,NA
Philippines,2013,2C4,NA,NA,NA,NA,NA,NA
Philippines,2013,2C5,NA,NA,NA,NA,NA,NA
Philippines,2013,2C6,NA,NA,NA,NA,NA,NA
Philippines,2013,2C7,NA,NA,NA,NA,NA,NA
Philippines,2013,2D,NA,NA,NA,NA,NA,NA
Philippines,2013,2D1,NA,NA,NA,NA,NA,NA
Philippines,2013,2D2,NA,NA,NA,NA,NA,NA
Philippines,2013,2D3,NA,NA,NA,NA,NA,NA
Philippines,2013,2D4,NA,NA,NA,NA,NA,NA
Philippines,2013,2E,NA,NA,NA,NA,NA,NA
Philippines,2013,2E1,NA,NA,NA,NA,NA,NA
Philippines,2013,2E2,NA,NA,NA,NA,NA,NA
Philippines,2013,2E3,NA,NA,NA,NA,NA,NA
Philippines,2013,2E4,NA,NA,NA,NA,NA,NA
Philippines,2013,2E5,NA,NA,NA,NA,NA,NA
Philippines,2013,2F,NA,NA,NA,NA,NA,NA
Philippines,2013,2F1,NA,NA,NA,NA,NA,NA
Philippines,2013,2F2,NA,NA,NA,NA,NA,NA
Philippines,2013,2F3,NA,NA,NA,NA,NA,NA
Philippines,2013,2F4,NA,NA,NA,NA,NA,NA
Philippines,2013,2F5,NA,NA,NA,NA,NA,NA
Philippines,2013,2F6,NA,NA,NA,NA,NA,NA
Philippines,2013,2G,NA,NA,NA,NA,NA,NA
Philippines,2013,2G1,NA,NA,NA,NA,NA,NA
Philippines,2013,2G2,NA,NA,NA,NA,NA,NA
Philippines,2013,2G3,NA,NA,NA,NA,NA,NA
Philippines,2013,2G4,NA,NA,NA,NA,NA,NA
Philippines,2013,2H,NA,NA,NA,NA,NA,NA
Philippines,2013,2H1,NA,NA,NA,NA,NA,NA
Philippines,2013,2H2,NA,NA,NA,NA,NA,NA
Philippines,2013,2H3,NA,NA,NA,NA,NA,NA
Philippines,2013,3A,NA,NA,NA,NA,NA,NA
Philippines,2013,3A1,NA,NA,NA,NA,NA,NA
Philippines,2013,3A2,NA,NA,NA,NA,NA,NA
Philippines,2013,3B,NA,NA,NA,NA,NA,NA
Philippines,2013,3B1,NA,NA,NA,NA,NA,NA
Philippines,2013,3B1A,NA,NA,NA,NA,NA,NA
Philippines,2013,3B1B,NA,NA,NA,NA,NA,NA
Philippines,2013,3B2,NA,NA,NA,NA,NA,NA
Philippines,2013,3B2A,NA,NA,NA,NA,NA,NA
Philippines,2013,3B2B,NA,NA,NA,NA,NA,NA
Philippines,2013,3B3,NA,NA,NA,NA,NA,NA
Philippines,2013,3B3A,NA,NA,NA,NA,NA,NA
Philippines,2013,3B3B,NA,NA,NA,NA,NA,NA
Philippines,2013,3B4,NA,NA,NA,NA,NA,NA
Philippines,2013,3B4A,NA,NA,NA,NA,NA,NA
Philippines,2013,3B4B,NA,NA,NA,NA,NA,NA
Philippines,2013,3B5,NA,NA,NA,NA,NA,NA
Philippines,2013,3B5A,NA,NA,NA,NA,NA,NA
Philippines,2013,3B5B,NA,NA,NA,NA,NA,NA
Philippines,2013,3B6,NA,NA,NA,NA,NA,NA
Philippines,2013,3B6A,NA,NA,NA,NA,NA,NA
Philippines,2013,3B6B,NA,NA,NA,NA,NA,NA
Philippines,2013,3B6B1,NA,NA,NA,NA,NA,NA
Philippines,2013,3B6B2,NA,NA,NA,NA,NA,NA
Philippines,2013,3B6B3,NA,NA,NA,NA,NA,NA
Philippines,2013,3B6B4,NA,NA,NA,NA,NA,NA
Philippines,2013,3B6B5,NA,NA,NA,NA,NA,NA
Philippines,2013,3C,NA,NA,NA,NA,NA,NA
Philippines,2013,3C1,NA,NA,NA,NA,NA,NA
Philippines,2013,3C2,NA,NA,NA,NA,NA,NA
Philippines,2013,3C3,NA,NA,NA,NA,NA,NA
Philippines,2013,3C4,NA,NA,NA,NA,NA,NA
Philippines,2013,3C5,NA,NA,NA,NA,NA,NA
Philippines,2013,3C6,NA,NA,NA,NA,NA,NA
Philippines,2013,3C7,NA,NA,NA,NA,NA,NA
Philippines,2013,3C8,NA,NA,NA,NA,NA,NA
Philippines,2013,3D,NA,NA,NA,NA,NA,NA
Philippines,2013,3D1,NA,NA,NA,NA,NA,NA
Philippines,2013,3D2,NA,NA,NA,NA,NA,NA
Philippines,2013,4A,NA,NA,NA,NA,NA,NA
Philippines,2013,4A1,NA,NA,NA,NA,NA,NA
Philippines,2013,4A2,NA,NA,NA,NA,NA,NA
Philippines,2013,4A3,NA,NA,NA,NA,NA,NA
Philippines,2013,4B,NA,NA,NA,NA,NA,NA
Philippines,2013,4C,NA,NA,NA,NA,NA,NA
Philippines,2013,4C1,NA,NA,NA,NA,NA,NA
Philippines,2013,4C2,NA,NA,NA,NA,NA,NA
Philippines,2013,4D,NA,NA,NA,NA,NA,NA
Philippines,2013,4D1,NA,NA,NA,NA,NA,NA
Philippines,2013,4D2,NA,NA,NA,NA,NA,NA
Philippines,2013,4E,NA,NA,NA,NA,NA,NA
Philippines,2013,5A,NA,NA,NA,NA,NA,NA
Philippines,2013,5A1,NA,NA,NA,NA,NA,NA
Philippines,2013,5A2,NA,NA,NA,NA,NA,NA
Philippines,2014,0,NA,NA,NA,NA,NA,NA
Philippines,2014,1,NA,NA,NA,NA,NA,NA
Philippines,2014,2,NA,NA,NA,NA,NA,NA
Philippines,2014,3,NA,NA,NA,NA,NA,NA
Philippines,2014,4,NA,NA,NA,NA,NA,NA
Philippines,2014,5,NA,NA,NA,NA,NA,NA
Philippines,2014,1A,Coal,NA,NA,NA,NA,NA
Philippines,2014,1A,Natural gas,NA,NA,NA,NA,NA
Philippines,2014,1A,Oil,NA,NA,NA,NA,NA
Philippines,2014,1A1,Coal,NA,NA,NA,NA,NA
Philippines,2014,1A1,Natural gas,NA,NA,NA,NA,NA
Philippines,2014,1A1,Oil,NA,NA,NA,NA,NA
Philippines,2014,1A1A,Coal,NA,NA,NA,NA,NA
Philippines,2014,1A1A,Natural gas,NA,NA,NA,NA,NA
Philippines,2014,1A1A,Oil,NA,NA,NA,NA,NA
Philippines,2014,1A1A1,Coal,NA,NA,NA,NA,NA
Philippines,2014,1A1A1,Natural gas,NA,NA,NA,NA,NA
Philippines,2014,1A1A1,Oil,NA,NA,NA,NA,NA
Philippines,2014,1A1A2,Coal,NA,NA,NA,NA,NA
Philippines,2014,1A1A2,Natural gas,NA,NA,NA,NA,NA
Philippines,2014,1A1A2,Oil,NA,NA,NA,NA,NA
Philippines,2014,1A1A3,Coal,NA,NA,NA,NA,NA
Philippines,2014,1A1A3,Natural gas,NA,NA,NA,NA,NA
Philippines,2014,1A1A3,Oil,NA,NA,NA,NA,NA
Philippines,2014,1A1B,Coal,NA,NA,NA,NA,NA
Philippines,2014,1A1B,Natural gas,NA,NA,NA,NA,NA
Philippines,2014,1A1B,Oil,NA,NA,NA,NA,NA
Philippines,2014,1A1C,Coal,NA,NA,NA,NA,NA
Philippines,2014,1A1C,Natural gas,NA,NA,NA,NA,NA
Philippines,2014,1A1C,Oil,NA,NA,NA,NA,NA
Philippines,2014,1A2,Coal,NA,NA,NA,NA,NA
Philippines,2014,1A2,Natural gas,NA,NA,NA,NA,NA
Philippines,2014,1A2,Oil,NA,NA,NA,NA,NA
Philippines,2014,1A2A,Coal,NA,NA,NA,NA,NA
Philippines,2014,1A2A,Natural gas,NA,NA,NA,NA,NA
Philippines,2014,1A2A,Oil,NA,NA,NA,NA,NA
Philippines,2014,1A2B,Coal,NA,NA,NA,NA,NA
Philippines,2014,1A2B,Natural gas,NA,NA,NA,NA,NA
Philippines,2014,1A2B,Oil,NA,NA,NA,NA,NA
Philippines,2014,1A2C,Coal,NA,NA,NA,NA,NA
Philippines,2014,1A2C,Natural gas,NA,NA,NA,NA,NA
Philippines,2014,1A2C,Oil,NA,NA,NA,NA,NA
Philippines,2014,1A2D,Coal,NA,NA,NA,NA,NA
Philippines,2014,1A2D,Natural gas,NA,NA,NA,NA,NA
Philippines,2014,1A2D,Oil,NA,NA,NA,NA,NA
Philippines,2014,1A2E,Coal,NA,NA,NA,NA,NA
Philippines,2014,1A2E,Natural gas,NA,NA,NA,NA,NA
Philippines,2014,1A2E,Oil,NA,NA,NA,NA,NA
Philippines,2014,1A2F,Coal,NA,NA,NA,NA,NA
Philippines,2014,1A2F,Natural gas,NA,NA,NA,NA,NA
Philippines,2014,1A2F,Oil,NA,NA,NA,NA,NA
Philippines,2014,1A2G,Coal,NA,NA,NA,NA,NA
Philippines,2014,1A2G,Natural gas,NA,NA,NA,NA,NA
Philippines,2014,1A2G,Oil,NA,NA,NA,NA,NA
Philippines,2014,1A2H,Coal,NA,NA,NA,NA,NA
Philippines,2014,1A2H,Natural gas,NA,NA,NA,NA,NA
Philippines,2014,1A2H,Oil,NA,NA,NA,NA,NA
Philippines,2014,1A2I,Coal,NA,NA,NA,NA,NA
Philippines,2014,1A2I,Natural gas,NA,NA,NA,NA,NA
Philippines,2014,1A2I,Oil,NA,NA,NA,NA,NA
Philippines,2014,1A2J,Coal,NA,NA,NA,NA,NA
Philippines,2014,1A2J,Natural gas,NA,NA,NA,NA,NA
Philippines,2014,1A2J,Oil,NA,NA,NA,NA,NA
Philippines,2014,1A2K,Coal,NA,NA,NA,NA,NA
Philippines,2014,1A2K,Natural gas,NA,NA,NA,NA,NA
Philippines,2014,1A2K,Oil,NA,NA,NA,NA,NA
Philippines,2014,1A2L,Coal,NA,NA,NA,NA,NA
Philippines,2014,1A2L,Natural gas,NA,NA,NA,NA,NA
Philippines,2014,1A2L,Oil,NA,NA,NA,NA,NA
Philippines,2014,1A2M,Coal,NA,NA,NA,NA,NA
Philippines,2014,1A2M,Natural gas,NA,NA,NA,NA,NA
Philippines,2014,1A2M,Oil,NA,NA,NA,NA,NA
Philippines,2014,1A3,Coal,NA,NA,NA,NA,NA
Philippines,2014,1A3,Natural gas,NA,NA,NA,NA,NA
Philippines,2014,1A3,Oil,NA,NA,NA,NA,NA
Philippines,2014,1A3A,Coal,NA,NA,NA,NA,NA
Philippines,2014,1A3A,Natural gas,NA,NA,NA,NA,NA
Philippines,2014,1A3A,Oil,NA,NA,NA,NA,NA
Philippines,2014,1A3A1,Coal,NA,NA,NA,NA,NA
Philippines,2014,1A3A1,Natural gas,NA,NA,NA,NA,NA
Philippines,2014,1A3A1,Oil,NA,NA,NA,NA,NA
Philippines,2014,1A3A2,Coal,NA,NA,NA,NA,NA
Philippines,2014,1A3A2,Natural gas,NA,NA,NA,NA,NA
Philippines,2014,1A3A2,Oil,NA,NA,NA,NA,NA
Philippines,2014,1A3B,Coal,NA,NA,NA,NA,NA
Philippines,2014,1A3B,Natural gas,NA,NA,NA,NA,NA
Philippines,2014,1A3B,Oil,NA,NA,NA,NA,NA
Philippines,2014,1A3C,Coal,NA,NA,NA,NA,NA
Philippines,2014,1A3C,Natural gas,NA,NA,NA,NA,NA
Philippines,2014,1A3C,Oil,NA,NA,NA,NA,NA
Philippines,2014,1A3D,Coal,NA,NA,NA,NA,NA
Philippines,2014,1A3D,Natural gas,NA,NA,NA,NA,NA
Philippines,2014,1A3D,Oil,NA,NA,NA,NA,NA
Philippines,2014,1A3D1,Coal,NA,NA,NA,NA,NA
Philippines,2014,1A3D1,Natural gas,NA,NA,NA,NA,NA
Philippines,2014,1A3D1,Oil,NA,NA,NA,NA,NA
Philippines,2014,1A3D2,Coal,NA,NA,NA,NA,NA
Philippines,2014,1A3D2,Natural gas,NA,NA,NA,NA,NA
Philippines,2014,1A3D2,Oil,NA,NA,NA,NA,NA
Philippines,2014,1A3E,Coal,NA,NA,NA,NA,NA
Philippines,2014,1A3E,Natural gas,NA,NA,NA,NA,NA
Philippines,2014,1A3E,Oil,NA,NA,NA,NA,NA
Philippines,2014,1A3E1,Coal,NA,NA,NA,NA,NA
Philippines,2014,1A3E1,Natural gas,NA,NA,NA,NA,NA
Philippines,2014,1A3E1,Oil,NA,NA,NA,NA,NA
Philippines,2014,1A4,Coal,NA,NA,NA,NA,NA
Philippines,2014,1A4,Natural gas,NA,NA,NA,NA,NA
Philippines,2014,1A4,Oil,NA,NA,NA,NA,NA
Philippines,2014,1A4A,Coal,NA,NA,NA,NA,NA
Philippines,2014,1A4A,Natural gas,NA,NA,NA,NA,NA
Philippines,2014,1A4A,Oil,NA,NA,NA,NA,NA
Philippines,2014,1A4B,Coal,NA,NA,NA,NA,NA
Philippines,2014,1A4B,Natural gas,NA,NA,NA,NA,NA
Philippines,2014,1A4B,Oil,NA,NA,NA,NA,NA
Philippines,2014,1A4C,Coal,NA,NA,NA,NA,NA
Philippines,2014,1A4C,Natural gas,NA,NA,NA,NA,NA
Philippines,2014,1A4C,Oil,NA,NA,NA,NA,NA
Philippines,2014,1A4C1,Coal,NA,NA,NA,NA,NA
Philippines,2014,1A4C1,Natural gas,NA,NA,NA,NA,NA
Philippines,2014,1A4C1,Oil,NA,NA,NA,NA,NA
Philippines,2014,1A4C2,Coal,NA,NA,NA,NA,NA
Philippines,2014,1A4C2,Natural gas,NA,NA,NA,NA,NA
Philippines,2014,1A4C2,Oil,NA,NA,NA,NA,NA
Philippines,2014,1A4C3,Coal,NA,NA,NA,NA,NA
Philippines,2014,1A4C3,Natural gas,NA,NA,NA,NA,NA
Philippines,2014,1A4C3,Oil,NA,NA,NA,NA,NA
Philippines,2014,1A5,Coal,NA,NA,NA,NA,NA
Philippines,2014,1A5,Natural gas,NA,NA,NA,NA,NA
Philippines,2014,1A5,Oil,NA,NA,NA,NA,NA
Philippines,2014,1A5A,Coal,NA,NA,NA,NA,NA
Philippines,2014,1A5A,Natural gas,NA,NA,NA,NA,NA
Philippines,2014,1A5A,Oil,NA,NA,NA,NA,NA
Philippines,2014,1A5B,Coal,NA,NA,NA,NA,NA
Philippines,2014,1A5B,Natural gas,NA,NA,NA,NA,NA
Philippines,2014,1A5B,Oil,NA,NA,NA,NA,NA
Philippines,2014,1A5C,Coal,NA,NA,NA,NA,NA
Philippines,2014,1A5C,Natural gas,NA,NA,NA,NA,NA
Philippines,2014,1A5C,Oil,NA,NA,NA,NA,NA
Philippines,2014,1B,NA,NA,NA,NA,NA,NA
Philippines,2014,1B1,NA,NA,NA,NA,NA,NA
Philippines,2014,1B1A,NA,NA,NA,NA,NA,NA
Philippines,2014,1B1A1,NA,NA,NA,NA,NA,NA
Philippines,2014,1B1A11,NA,NA,NA,NA,NA,NA
Philippines,2014,1B1A12,NA,NA,NA,NA,NA,NA
Philippines,2014,1B1A13,NA,NA,NA,NA,NA,NA
Philippines,2014,1B1A14,NA,NA,NA,NA,NA,NA
Philippines,2014,1B1A2,NA,NA,NA,NA,NA,NA
Philippines,2014,1B1A21,NA,NA,NA,NA,NA,NA
Philippines,2014,1B1A22,NA,NA,NA,NA,NA,NA
Philippines,2014,1B1B,NA,NA,NA,NA,NA,NA
Philippines,2014,1B2,NA,NA,NA,NA,NA,NA
Philippines,2014,1B2A,NA,NA,NA,NA,NA,NA
Philippines,2014,1B2A1,NA,NA,NA,NA,NA,NA
Philippines,2014,1B2A2,NA,NA,NA,NA,NA,NA
Philippines,2014,1B2A3,NA,NA,NA,NA,NA,NA
Philippines,2014,1B2A31,NA,NA,NA,NA,NA,NA
Philippines,2014,1B2A32,NA,NA,NA,NA,NA,NA
Philippines,2014,1B2A33,NA,NA,NA,NA,NA,NA
Philippines,2014,1B2A34,NA,NA,NA,NA,NA,NA
Philippines,2014,1B2A35,NA,NA,NA,NA,NA,NA
Philippines,2014,1B2A36,NA,NA,NA,NA,NA,NA
Philippines,2014,1B2B,NA,NA,NA,NA,NA,NA
Philippines,2014,1B2B1,NA,NA,NA,NA,NA,NA
Philippines,2014,1B2B2,NA,NA,NA,NA,NA,NA
Philippines,2014,1B2B3,NA,NA,NA,NA,NA,NA
Philippines,2014,1B2B31,NA,NA,NA,NA,NA,NA
Philippines,2014,1B2B32,NA,NA,NA,NA,NA,NA
Philippines,2014,1B2B33,NA,NA,NA,NA,NA,NA
Philippines,2014,1B2B34,NA,NA,NA,NA,NA,NA
Philippines,2014,1B2B35,NA,NA,NA,NA,NA,NA
Philippines,2014,1B2B36,NA,NA,NA,NA,NA,NA
Philippines,2014,1B3,NA,NA,NA,NA,NA,NA
Philippines,2014,1C,NA,NA,NA,NA,NA,NA
Philippines,2014,1C1,NA,NA,NA,NA,NA,NA
Philippines,2014,1C1A,NA,NA,NA,NA,NA,NA
Philippines,2014,1C1B,NA,NA,NA,NA,NA,NA
Philippines,2014,1C1C,NA,NA,NA,NA,NA,NA
Philippines,2014,1C2,NA,NA,NA,NA,NA,NA
Philippines,2014,1C2A,NA,NA,NA,NA,NA,NA
Philippines,2014,1C2B,NA,NA,NA,NA,NA,NA
Philippines,2014,1C3,NA,NA,NA,NA,NA,NA
Philippines,2014,2A,NA,NA,NA,NA,NA,NA
Philippines,2014,2A1,NA,NA,NA,NA,NA,NA
Philippines,2014,2A2,NA,NA,NA,NA,NA,NA
Philippines,2014,2A3,NA,NA,NA,NA,NA,NA
Philippines,2014,2A4,NA,NA,NA,NA,NA,NA
Philippines,2014,2A4A,NA,NA,NA,NA,NA,NA
Philippines,2014,2A4B,NA,NA,NA,NA,NA,NA
Philippines,2014,2A4C,NA,NA,NA,NA,NA,NA
Philippines,2014,2A4D,NA,NA,NA,NA,NA,NA
Philippines,2014,2B,NA,NA,NA,NA,NA,NA
Philippines,2014,2B1,NA,NA,NA,NA,NA,NA
Philippines,2014,2B10,NA,NA,NA,NA,NA,NA
Philippines,2014,2B2,NA,NA,NA,NA,NA,NA
Philippines,2014,2B3,NA,NA,NA,NA,NA,NA
Philippines,2014,2B4,NA,NA,NA,NA,NA,NA
Philippines,2014,2B5,NA,NA,NA,NA,NA,NA
Philippines,2014,2B6,NA,NA,NA,NA,NA,NA
Philippines,2014,2B7,NA,NA,NA,NA,NA,NA
Philippines,2014,2B8,NA,NA,NA,NA,NA,NA
Philippines,2014,2B8A,NA,NA,NA,NA,NA,NA
Philippines,2014,2B8B,NA,NA,NA,NA,NA,NA
Philippines,2014,2B8C,NA,NA,NA,NA,NA,NA
Philippines,2014,2B8D,NA,NA,NA,NA,NA,NA
Philippines,2014,2B8E,NA,NA,NA,NA,NA,NA
Philippines,2014,2B8F,NA,NA,NA,NA,NA,NA
Philippines,2014,2B9,NA,NA,NA,NA,NA,NA
Philippines,2014,2B9A,NA,NA,NA,NA,NA,NA
Philippines,2014,2B9B,NA,NA,NA,NA,NA,NA
Philippines,2014,2C,NA,NA,NA,NA,NA,NA
Philippines,2014,2C1,NA,NA,NA,NA,NA,NA
Philippines,2014,2C2,NA,NA,NA,NA,NA,NA
Philippines,2014,2C3,NA,NA,NA,NA,NA,NA
Philippines,2014,2C4,NA,NA,NA,NA,NA,NA
Philippines,2014,2C5,NA,NA,NA,NA,NA,NA
Philippines,2014,2C6,NA,NA,NA,NA,NA,NA
Philippines,2014,2C7,NA,NA,NA,NA,NA,NA
Philippines,2014,2D,NA,NA,NA,NA,NA,NA
Philippines,2014,2D1,NA,NA,NA,NA,NA,NA
Philippines,2014,2D2,NA,NA,NA,NA,NA,NA
Philippines,2014,2D3,NA,NA,NA,NA,NA,NA
Philippines,2014,2D4,NA,NA,NA,NA,NA,NA
Philippines,2014,2E,NA,NA,NA,NA,NA,NA
Philippines,2014,2E1,NA,NA,NA,NA,NA,NA
Philippines,2014,2E2,NA,NA,NA,NA,NA,NA
Philippines,2014,2E3,NA,NA,NA,NA,NA,NA
Philippines,2014,2E4,NA,NA,NA,NA,NA,NA
Philippines,2014,2E5,NA,NA,NA,NA,NA,NA
Philippines,2014,2F,NA,NA,NA,NA,NA,NA
Philippines,2014,2F1,NA,NA,NA,NA,NA,NA
Philippines,2014,2F2,NA,NA,NA,NA,NA,NA
Philippines,2014,2F3,NA,NA,NA,NA,NA,NA
Philippines,2014,2F4,NA,NA,NA,NA,NA,NA
Philippines,2014,2F5,NA,NA,NA,NA,NA,NA
Philippines,2014,2F6,NA,NA,NA,NA,NA,NA
Philippines,2014,2G,NA,NA,NA,NA,NA,NA
Philippines,2014,2G1,NA,NA,NA,NA,NA,NA
Philippines,2014,2G2,NA,NA,NA,NA,NA,NA
Philippines,2014,2G3,NA,NA,NA,NA,NA,NA
Philippines,2014,2G4,NA,NA,NA,NA,NA,NA
Philippines,2014,2H,NA,NA,NA,NA,NA,NA
Philippines,2014,2H1,NA,NA,NA,NA,NA,NA
Philippines,2014,2H2,NA,NA,NA,NA,NA,NA
Philippines,2014,2H3,NA,NA,NA,NA,NA,NA
Philippines,2014,3A,NA,NA,NA,NA,NA,NA
Philippines,2014,3A1,NA,NA,NA,NA,NA,NA
Philippines,2014,3A2,NA,NA,NA,NA,NA,NA
Philippines,2014,3B,NA,NA,NA,NA,NA,NA
Philippines,2014,3B1,NA,NA,NA,NA,NA,NA
Philippines,2014,3B1A,NA,NA,NA,NA,NA,NA
Philippines,2014,3B1B,NA,NA,NA,NA,NA,NA
Philippines,2014,3B2,NA,NA,NA,NA,NA,NA
Philippines,2014,3B2A,NA,NA,NA,NA,NA,NA
Philippines,2014,3B2B,NA,NA,NA,NA,NA,NA
Philippines,2014,3B3,NA,NA,NA,NA,NA,NA
Philippines,2014,3B3A,NA,NA,NA,NA,NA,NA
Philippines,2014,3B3B,NA,NA,NA,NA,NA,NA
Philippines,2014,3B4,NA,NA,NA,NA,NA,NA
Philippines,2014,3B4A,NA,NA,NA,NA,NA,NA
Philippines,2014,3B4B,NA,NA,NA,NA,NA,NA
Philippines,2014,3B5,NA,NA,NA,NA,NA,NA
Philippines,2014,3B5A,NA,NA,NA,NA,NA,NA
Philippines,2014,3B5B,NA,NA,NA,NA,NA,NA
Philippines,2014,3B6,NA,NA,NA,NA,NA,NA
Philippines,2014,3B6A,NA,NA,NA,NA,NA,NA
Philippines,2014,3B6B,NA,NA,NA,NA,NA,NA
Philippines,2014,3B6B1,NA,NA,NA,NA,NA,NA
Philippines,2014,3B6B2,NA,NA,NA,NA,NA,NA
Philippines,2014,3B6B3,NA,NA,NA,NA,NA,NA
Philippines,2014,3B6B4,NA,NA,NA,NA,NA,NA
Philippines,2014,3B6B5,NA,NA,NA,NA,NA,NA
Philippines,2014,3C,NA,NA,NA,NA,NA,NA
Philippines,2014,3C1,NA,NA,NA,NA,NA,NA
Philippines,2014,3C2,NA,NA,NA,NA,NA,NA
Philippines,2014,3C3,NA,NA,NA,NA,NA,NA
Philippines,2014,3C4,NA,NA,NA,NA,NA,NA
Philippines,2014,3C5,NA,NA,NA,NA,NA,NA
Philippines,2014,3C6,NA,NA,NA,NA,NA,NA
Philippines,2014,3C7,NA,NA,NA,NA,NA,NA
Philippines,2014,3C8,NA,NA,NA,NA,NA,NA
Philippines,2014,3D,NA,NA,NA,NA,NA,NA
Philippines,2014,3D1,NA,NA,NA,NA,NA,NA
Philippines,2014,3D2,NA,NA,NA,NA,NA,NA
Philippines,2014,4A,NA,NA,NA,NA,NA,NA
Philippines,2014,4A1,NA,NA,NA,NA,NA,NA
Philippines,2014,4A2,NA,NA,NA,NA,NA,NA
Philippines,2014,4A3,NA,NA,NA,NA,NA,NA
Philippines,2014,4B,NA,NA,NA,NA,NA,NA
Philippines,2014,4C,NA,NA,NA,NA,NA,NA
Philippines,2014,4C1,NA,NA,NA,NA,NA,NA
Philippines,2014,4C2,NA,NA,NA,NA,NA,NA
Philippines,2014,4D,NA,NA,NA,NA,NA,NA
Philippines,2014,4D1,NA,NA,NA,NA,NA,NA
Philippines,2014,4D2,NA,NA,NA,NA,NA,NA
Philippines,2014,4E,NA,NA,NA,NA,NA,NA
Philippines,2014,5A,NA,NA,NA,NA,NA,NA
Philippines,2014,5A1,NA,NA,NA,NA,NA,NA
Philippines,2014,5A2,NA,NA,NA,NA,NA,NA
Philippines,2015,0,NA,NA,NA,NA,NA,NA
Philippines,2015,1,NA,NA,NA,NA,NA,NA
Philippines,2015,2,NA,NA,NA,NA,NA,NA
Philippines,2015,3,NA,NA,NA,NA,NA,NA
Philippines,2015,4,NA,NA,NA,NA,NA,NA
Philippines,2015,5,NA,NA,NA,NA,NA,NA
Philippines,2015,1A,Coal,NA,NA,NA,NA,NA
Philippines,2015,1A,Natural gas,NA,NA,NA,NA,NA
Philippines,2015,1A,Oil,NA,NA,NA,NA,NA
Philippines,2015,1A1,Coal,NA,NA,NA,NA,NA
Philippines,2015,1A1,Natural gas,NA,NA,NA,NA,NA
Philippines,2015,1A1,Oil,NA,NA,NA,NA,NA
Philippines,2015,1A1A,Coal,NA,NA,NA,NA,NA
Philippines,2015,1A1A,Natural gas,NA,NA,NA,NA,NA
Philippines,2015,1A1A,Oil,NA,NA,NA,NA,NA
Philippines,2015,1A1A1,Coal,NA,NA,NA,NA,NA
Philippines,2015,1A1A1,Natural gas,NA,NA,NA,NA,NA
Philippines,2015,1A1A1,Oil,NA,NA,NA,NA,NA
Philippines,2015,1A1A2,Coal,NA,NA,NA,NA,NA
Philippines,2015,1A1A2,Natural gas,NA,NA,NA,NA,NA
Philippines,2015,1A1A2,Oil,NA,NA,NA,NA,NA
Philippines,2015,1A1A3,Coal,NA,NA,NA,NA,NA
Philippines,2015,1A1A3,Natural gas,NA,NA,NA,NA,NA
Philippines,2015,1A1A3,Oil,NA,NA,NA,NA,NA
Philippines,2015,1A1B,Coal,NA,NA,NA,NA,NA
Philippines,2015,1A1B,Natural gas,NA,NA,NA,NA,NA
Philippines,2015,1A1B,Oil,NA,NA,NA,NA,NA
Philippines,2015,1A1C,Coal,NA,NA,NA,NA,NA
Philippines,2015,1A1C,Natural gas,NA,NA,NA,NA,NA
Philippines,2015,1A1C,Oil,NA,NA,NA,NA,NA
Philippines,2015,1A2,Coal,NA,NA,NA,NA,NA
Philippines,2015,1A2,Natural gas,NA,NA,NA,NA,NA
Philippines,2015,1A2,Oil,NA,NA,NA,NA,NA
Philippines,2015,1A2A,Coal,NA,NA,NA,NA,NA
Philippines,2015,1A2A,Natural gas,NA,NA,NA,NA,NA
Philippines,2015,1A2A,Oil,NA,NA,NA,NA,NA
Philippines,2015,1A2B,Coal,NA,NA,NA,NA,NA
Philippines,2015,1A2B,Natural gas,NA,NA,NA,NA,NA
Philippines,2015,1A2B,Oil,NA,NA,NA,NA,NA
Philippines,2015,1A2C,Coal,NA,NA,NA,NA,NA
Philippines,2015,1A2C,Natural gas,NA,NA,NA,NA,NA
Philippines,2015,1A2C,Oil,NA,NA,NA,NA,NA
Philippines,2015,1A2D,Coal,NA,NA,NA,NA,NA
Philippines,2015,1A2D,Natural gas,NA,NA,NA,NA,NA
Philippines,2015,1A2D,Oil,NA,NA,NA,NA,NA
Philippines,2015,1A2E,Coal,NA,NA,NA,NA,NA
Philippines,2015,1A2E,Natural gas,NA,NA,NA,NA,NA
Philippines,2015,1A2E,Oil,NA,NA,NA,NA,NA
Philippines,2015,1A2F,Coal,NA,NA,NA,NA,NA
Philippines,2015,1A2F,Natural gas,NA,NA,NA,NA,NA
Philippines,2015,1A2F,Oil,NA,NA,NA,NA,NA
Philippines,2015,1A2G,Coal,NA,NA,NA,NA,NA
Philippines,2015,1A2G,Natural gas,NA,NA,NA,NA,NA
Philippines,2015,1A2G,Oil,NA,NA,NA,NA,NA
Philippines,2015,1A2H,Coal,NA,NA,NA,NA,NA
Philippines,2015,1A2H,Natural gas,NA,NA,NA,NA,NA
Philippines,2015,1A2H,Oil,NA,NA,NA,NA,NA
Philippines,2015,1A2I,Coal,NA,NA,NA,NA,NA
Philippines,2015,1A2I,Natural gas,NA,NA,NA,NA,NA
Philippines,2015,1A2I,Oil,NA,NA,NA,NA,NA
Philippines,2015,1A2J,Coal,NA,NA,NA,NA,NA
Philippines,2015,1A2J,Natural gas,NA,NA,NA,NA,NA
Philippines,2015,1A2J,Oil,NA,NA,NA,NA,NA
Philippines,2015,1A2K,Coal,NA,NA,NA,NA,NA
Philippines,2015,1A2K,Natural gas,NA,NA,NA,NA,NA
Philippines,2015,1A2K,Oil,NA,NA,NA,NA,NA
Philippines,2015,1A2L,Coal,NA,NA,NA,NA,NA
Philippines,2015,1A2L,Natural gas,NA,NA,NA,NA,NA
Philippines,2015,1A2L,Oil,NA,NA,NA,NA,NA
Philippines,2015,1A2M,Coal,NA,NA,NA,NA,NA
Philippines,2015,1A2M,Natural gas,NA,NA,NA,NA,NA
Philippines,2015,1A2M,Oil,NA,NA,NA,NA,NA
Philippines,2015,1A3,Coal,NA,NA,NA,NA,NA
Philippines,2015,1A3,Natural gas,NA,NA,NA,NA,NA
Philippines,2015,1A3,Oil,NA,NA,NA,NA,NA
Philippines,2015,1A3A,Coal,NA,NA,NA,NA,NA
Philippines,2015,1A3A,Natural gas,NA,NA,NA,NA,NA
Philippines,2015,1A3A,Oil,NA,NA,NA,NA,NA
Philippines,2015,1A3A1,Coal,NA,NA,NA,NA,NA
Philippines,2015,1A3A1,Natural gas,NA,NA,NA,NA,NA
Philippines,2015,1A3A1,Oil,NA,NA,NA,NA,NA
Philippines,2015,1A3A2,Coal,NA,NA,NA,NA,NA
Philippines,2015,1A3A2,Natural gas,NA,NA,NA,NA,NA
Philippines,2015,1A3A2,Oil,NA,NA,NA,NA,NA
Philippines,2015,1A3B,Coal,NA,NA,NA,NA,NA
Philippines,2015,1A3B,Natural gas,NA,NA,NA,NA,NA
Philippines,2015,1A3B,Oil,NA,NA,NA,NA,NA
Philippines,2015,1A3C,Coal,NA,NA,NA,NA,NA
Philippines,2015,1A3C,Natural gas,NA,NA,NA,NA,NA
Philippines,2015,1A3C,Oil,NA,NA,NA,NA,NA
Philippines,2015,1A3D,Coal,NA,NA,NA,NA,NA
Philippines,2015,1A3D,Natural gas,NA,NA,NA,NA,NA
Philippines,2015,1A3D,Oil,NA,NA,NA,NA,NA
Philippines,2015,1A3D1,Coal,NA,NA,NA,NA,NA
Philippines,2015,1A3D1,Natural gas,NA,NA,NA,NA,NA
Philippines,2015,1A3D1,Oil,NA,NA,NA,NA,NA
Philippines,2015,1A3D2,Coal,NA,NA,NA,NA,NA
Philippines,2015,1A3D2,Natural gas,NA,NA,NA,NA,NA
Philippines,2015,1A3D2,Oil,NA,NA,NA,NA,NA
Philippines,2015,1A3E,Coal,NA,NA,NA,NA,NA
Philippines,2015,1A3E,Natural gas,NA,NA,NA,NA,NA
Philippines,2015,1A3E,Oil,NA,NA,NA,NA,NA
Philippines,2015,1A3E1,Coal,NA,NA,NA,NA,NA
Philippines,2015,1A3E1,Natural gas,NA,NA,NA,NA,NA
Philippines,2015,1A3E1,Oil,NA,NA,NA,NA,NA
Philippines,2015,1A4,Coal,NA,NA,NA,NA,NA
Philippines,2015,1A4,Natural gas,NA,NA,NA,NA,NA
Philippines,2015,1A4,Oil,NA,NA,NA,NA,NA
Philippines,2015,1A4A,Coal,NA,NA,NA,NA,NA
Philippines,2015,1A4A,Natural gas,NA,NA,NA,NA,NA
Philippines,2015,1A4A,Oil,NA,NA,NA,NA,NA
Philippines,2015,1A4B,Coal,NA,NA,NA,NA,NA
Philippines,2015,1A4B,Natural gas,NA,NA,NA,NA,NA
Philippines,2015,1A4B,Oil,NA,NA,NA,NA,NA
Philippines,2015,1A4C,Coal,NA,NA,NA,NA,NA
Philippines,2015,1A4C,Natural gas,NA,NA,NA,NA,NA
Philippines,2015,1A4C,Oil,NA,NA,NA,NA,NA
Philippines,2015,1A4C1,Coal,NA,NA,NA,NA,NA
Philippines,2015,1A4C1,Natural gas,NA,NA,NA,NA,NA
Philippines,2015,1A4C1,Oil,NA,NA,NA,NA,NA
Philippines,2015,1A4C2,Coal,NA,NA,NA,NA,NA
Philippines,2015,1A4C2,Natural gas,NA,NA,NA,NA,NA
Philippines,2015,1A4C2,Oil,NA,NA,NA,NA,NA
Philippines,2015,1A4C3,Coal,NA,NA,NA,NA,NA
Philippines,2015,1A4C3,Natural gas,NA,NA,NA,NA,NA
Philippines,2015,1A4C3,Oil,NA,NA,NA,NA,NA
Philippines,2015,1A5,Coal,NA,NA,NA,NA,NA
Philippines,2015,1A5,Natural gas,NA,NA,NA,NA,NA
Philippines,2015,1A5,Oil,NA,NA,NA,NA,NA
Philippines,2015,1A5A,Coal,NA,NA,NA,NA,NA
Philippines,2015,1A5A,Natural gas,NA,NA,NA,NA,NA
Philippines,2015,1A5A,Oil,NA,NA,NA,NA,NA
Philippines,2015,1A5B,Coal,NA,NA,NA,NA,NA
Philippines,2015,1A5B,Natural gas,NA,NA,NA,NA,NA
Philippines,2015,1A5B,Oil,NA,NA,NA,NA,NA
Philippines,2015,1A5C,Coal,NA,NA,NA,NA,NA
Philippines,2015,1A5C,Natural gas,NA,NA,NA,NA,NA
Philippines,2015,1A5C,Oil,NA,NA,NA,NA,NA
Philippines,2015,1B,NA,NA,NA,NA,NA,NA
Philippines,2015,1B1,NA,NA,NA,NA,NA,NA
Philippines,2015,1B1A,NA,NA,NA,NA,NA,NA
Philippines,2015,1B1A1,NA,NA,NA,NA,NA,NA
Philippines,2015,1B1A11,NA,NA,NA,NA,NA,NA
Philippines,2015,1B1A12,NA,NA,NA,NA,NA,NA
Philippines,2015,1B1A13,NA,NA,NA,NA,NA,NA
Philippines,2015,1B1A14,NA,NA,NA,NA,NA,NA
Philippines,2015,1B1A2,NA,NA,NA,NA,NA,NA
Philippines,2015,1B1A21,NA,NA,NA,NA,NA,NA
Philippines,2015,1B1A22,NA,NA,NA,NA,NA,NA
Philippines,2015,1B1B,NA,NA,NA,NA,NA,NA
Philippines,2015,1B2,NA,NA,NA,NA,NA,NA
Philippines,2015,1B2A,NA,NA,NA,NA,NA,NA
Philippines,2015,1B2A1,NA,NA,NA,NA,NA,NA
Philippines,2015,1B2A2,NA,NA,NA,NA,NA,NA
Philippines,2015,1B2A3,NA,NA,NA,NA,NA,NA
Philippines,2015,1B2A31,NA,NA,NA,NA,NA,NA
Philippines,2015,1B2A32,NA,NA,NA,NA,NA,NA
Philippines,2015,1B2A33,NA,NA,NA,NA,NA,NA
Philippines,2015,1B2A34,NA,NA,NA,NA,NA,NA
Philippines,2015,1B2A35,NA,NA,NA,NA,NA,NA
Philippines,2015,1B2A36,NA,NA,NA,NA,NA,NA
Philippines,2015,1B2B,NA,NA,NA,NA,NA,NA
Philippines,2015,1B2B1,NA,NA,NA,NA,NA,NA
Philippines,2015,1B2B2,NA,NA,NA,NA,NA,NA
Philippines,2015,1B2B3,NA,NA,NA,NA,NA,NA
Philippines,2015,1B2B31,NA,NA,NA,NA,NA,NA
Philippines,2015,1B2B32,NA,NA,NA,NA,NA,NA
Philippines,2015,1B2B33,NA,NA,NA,NA,NA,NA
Philippines,2015,1B2B34,NA,NA,NA,NA,NA,NA
Philippines,2015,1B2B35,NA,NA,NA,NA,NA,NA
Philippines,2015,1B2B36,NA,NA,NA,NA,NA,NA
Philippines,2015,1B3,NA,NA,NA,NA,NA,NA
Philippines,2015,1C,NA,NA,NA,NA,NA,NA
Philippines,2015,1C1,NA,NA,NA,NA,NA,NA
Philippines,2015,1C1A,NA,NA,NA,NA,NA,NA
Philippines,2015,1C1B,NA,NA,NA,NA,NA,NA
Philippines,2015,1C1C,NA,NA,NA,NA,NA,NA
Philippines,2015,1C2,NA,NA,NA,NA,NA,NA
Philippines,2015,1C2A,NA,NA,NA,NA,NA,NA
Philippines,2015,1C2B,NA,NA,NA,NA,NA,NA
Philippines,2015,1C3,NA,NA,NA,NA,NA,NA
Philippines,2015,2A,NA,NA,NA,NA,NA,NA
Philippines,2015,2A1,NA,NA,NA,NA,NA,NA
Philippines,2015,2A2,NA,NA,NA,NA,NA,NA
Philippines,2015,2A3,NA,NA,NA,NA,NA,NA
Philippines,2015,2A4,NA,NA,NA,NA,NA,NA
Philippines,2015,2A4A,NA,NA,NA,NA,NA,NA
Philippines,2015,2A4B,NA,NA,NA,NA,NA,NA
Philippines,2015,2A4C,NA,NA,NA,NA,NA,NA
Philippines,2015,2A4D,NA,NA,NA,NA,NA,NA
Philippines,2015,2B,NA,NA,NA,NA,NA,NA
Philippines,2015,2B1,NA,NA,NA,NA,NA,NA
Philippines,2015,2B10,NA,NA,NA,NA,NA,NA
Philippines,2015,2B2,NA,NA,NA,NA,NA,NA
Philippines,2015,2B3,NA,NA,NA,NA,NA,NA
Philippines,2015,2B4,NA,NA,NA,NA,NA,NA
Philippines,2015,2B5,NA,NA,NA,NA,NA,NA
Philippines,2015,2B6,NA,NA,NA,NA,NA,NA
Philippines,2015,2B7,NA,NA,NA,NA,NA,NA
Philippines,2015,2B8,NA,NA,NA,NA,NA,NA
Philippines,2015,2B8A,NA,NA,NA,NA,NA,NA
Philippines,2015,2B8B,NA,NA,NA,NA,NA,NA
Philippines,2015,2B8C,NA,NA,NA,NA,NA,NA
Philippines,2015,2B8D,NA,NA,NA,NA,NA,NA
Philippines,2015,2B8E,NA,NA,NA,NA,NA,NA
Philippines,2015,2B8F,NA,NA,NA,NA,NA,NA
Philippines,2015,2B9,NA,NA,NA,NA,NA,NA
Philippines,2015,2B9A,NA,NA,NA,NA,NA,NA
Philippines,2015,2B9B,NA,NA,NA,NA,NA,NA
Philippines,2015,2C,NA,NA,NA,NA,NA,NA
Philippines,2015,2C1,NA,NA,NA,NA,NA,NA
Philippines,2015,2C2,NA,NA,NA,NA,NA,NA
Philippines,2015,2C3,NA,NA,NA,NA,NA,NA
Philippines,2015,2C4,NA,NA,NA,NA,NA,NA
Philippines,2015,2C5,NA,NA,NA,NA,NA,NA
Philippines,2015,2C6,NA,NA,NA,NA,NA,NA
Philippines,2015,2C7,NA,NA,NA,NA,NA,NA
Philippines,2015,2D,NA,NA,NA,NA,NA,NA
Philippines,2015,2D1,NA,NA,NA,NA,NA,NA
Philippines,2015,2D2,NA,NA,NA,NA,NA,NA
Philippines,2015,2D3,NA,NA,NA,NA,NA,NA
Philippines,2015,2D4,NA,NA,NA,NA,NA,NA
Philippines,2015,2E,NA,NA,NA,NA,NA,NA
Philippines,2015,2E1,NA,NA,NA,NA,NA,NA
Philippines,2015,2E2,NA,NA,NA,NA,NA,NA
Philippines,2015,2E3,NA,NA,NA,NA,NA,NA
Philippines,2015,2E4,NA,NA,NA,NA,NA,NA
Philippines,2015,2E5,NA,NA,NA,NA,NA,NA
Philippines,2015,2F,NA,NA,NA,NA,NA,NA
Philippines,2015,2F1,NA,NA,NA,NA,NA,NA
Philippines,2015,2F2,NA,NA,NA,NA,NA,NA
Philippines,2015,2F3,NA,NA,NA,NA,NA,NA
Philippines,2015,2F4,NA,NA,NA,NA,NA,NA
Philippines,2015,2F5,NA,NA,NA,NA,NA,NA
Philippines,2015,2F6,NA,NA,NA,NA,NA,NA
Philippines,2015,2G,NA,NA,NA,NA,NA,NA
Philippines,2015,2G1,NA,NA,NA,NA,NA,NA
Philippines,2015,2G2,NA,NA,NA,NA,NA,NA
Philippines,2015,2G3,NA,NA,NA,NA,NA,NA
Philippines,2015,2G4,NA,NA,NA,NA,NA,NA
Philippines,2015,2H,NA,NA,NA,NA,NA,NA
Philippines,2015,2H1,NA,NA,NA,NA,NA,NA
Philippines,2015,2H2,NA,NA,NA,NA,NA,NA
Philippines,2015,2H3,NA,NA,NA,NA,NA,NA
Philippines,2015,3A,NA,NA,NA,NA,NA,NA
Philippines,2015,3A1,NA,NA,NA,NA,NA,NA
Philippines,2015,3A2,NA,NA,NA,NA,NA,NA
Philippines,2015,3B,NA,NA,NA,NA,NA,NA
Philippines,2015,3B1,NA,NA,NA,NA,NA,NA
Philippines,2015,3B1A,NA,NA,NA,NA,NA,NA
Philippines,2015,3B1B,NA,NA,NA,NA,NA,NA
Philippines,2015,3B2,NA,NA,NA,NA,NA,NA
Philippines,2015,3B2A,NA,NA,NA,NA,NA,NA
Philippines,2015,3B2B,NA,NA,NA,NA,NA,NA
Philippines,2015,3B3,NA,NA,NA,NA,NA,NA
Philippines,2015,3B3A,NA,NA,NA,NA,NA,NA
Philippines,2015,3B3B,NA,NA,NA,NA,NA,NA
Philippines,2015,3B4,NA,NA,NA,NA,NA,NA
Philippines,2015,3B4A,NA,NA,NA,NA,NA,NA
Philippines,2015,3B4B,NA,NA,NA,NA,NA,NA
Philippines,2015,3B5,NA,NA,NA,NA,NA,NA
Philippines,2015,3B5A,NA,NA,NA,NA,NA,NA
Philippines,2015,3B5B,NA,NA,NA,NA,NA,NA
Philippines,2015,3B6,NA,NA,NA,NA,NA,NA
Philippines,2015,3B6A,NA,NA,NA,NA,NA,NA
Philippines,2015,3B6B,NA,NA,NA,NA,NA,NA
Philippines,2015,3B6B1,NA,NA,NA,NA,NA,NA
Philippines,2015,3B6B2,NA,NA,NA,NA,NA,NA
Philippines,2015,3B6B3,NA,NA,NA,NA,NA,NA
Philippines,2015,3B6B4,NA,NA,NA,NA,NA,NA
Philippines,2015,3B6B5,NA,NA,NA,NA,NA,NA
Philippines,2015,3C,NA,NA,NA,NA,NA,NA
Philippines,2015,3C1,NA,NA,NA,NA,NA,NA
Philippines,2015,3C2,NA,NA,NA,NA,NA,NA
Philippines,2015,3C3,NA,NA,NA,NA,NA,NA
Philippines,2015,3C4,NA,NA,NA,NA,NA,NA
Philippines,2015,3C5,NA,NA,NA,NA,NA,NA
Philippines,2015,3C6,NA,NA,NA,NA,NA,NA
Philippines,2015,3C7,NA,NA,NA,NA,NA,NA
Philippines,2015,3C8,NA,NA,NA,NA,NA,NA
Philippines,2015,3D,NA,NA,NA,NA,NA,NA
Philippines,2015,3D1,NA,NA,NA,NA,NA,NA
Philippines,2015,3D2,NA,NA,NA,NA,NA,NA
Philippines,2015,4A,NA,NA,NA,NA,NA,NA
Philippines,2015,4A1,NA,NA,NA,NA,NA,NA
Philippines,2015,4A2,NA,NA,NA,NA,NA,NA
Philippines,2015,4A3,NA,NA,NA,NA,NA,NA
Philippines,2015,4B,NA,NA,NA,NA,NA,NA
Philippines,2015,4C,NA,NA,NA,NA,NA,NA
Philippines,2015,4C1,NA,NA,NA,NA,NA,NA
Philippines,2015,4C2,NA,NA,NA,NA,NA,NA
Philippines,2015,4D,NA,NA,NA,NA,NA,NA
Philippines,2015,4D1,NA,NA,NA,NA,NA,NA
Philippines,2015,4D2,NA,NA,NA,NA,NA,NA
Philippines,2015,4E,NA,NA,NA,NA,NA,NA
Philippines,2015,5A,NA,NA,NA,NA,NA,NA
Philippines,2015,5A1,NA,NA,NA,NA,NA,NA
Philippines,2015,5A2,NA,NA,NA,NA,NA,NA
Philippines,2016,0,NA,NA,NA,NA,NA,NA
Philippines,2016,1,NA,NA,NA,NA,NA,NA
Philippines,2016,2,NA,NA,NA,NA,NA,NA
Philippines,2016,3,NA,NA,NA,NA,NA,NA
Philippines,2016,4,NA,NA,NA,NA,NA,NA
Philippines,2016,5,NA,NA,NA,NA,NA,NA
Philippines,2016,1A,Coal,NA,NA,NA,NA,NA
Philippines,2016,1A,Natural gas,NA,NA,NA,NA,NA
Philippines,2016,1A,Oil,NA,NA,NA,NA,NA
Philippines,2016,1A1,Coal,NA,NA,NA,NA,NA
Philippines,2016,1A1,Natural gas,NA,NA,NA,NA,NA
Philippines,2016,1A1,Oil,NA,NA,NA,NA,NA
Philippines,2016,1A1A,Coal,NA,NA,NA,NA,NA
Philippines,2016,1A1A,Natural gas,NA,NA,NA,NA,NA
Philippines,2016,1A1A,Oil,NA,NA,NA,NA,NA
Philippines,2016,1A1A1,Coal,NA,NA,NA,NA,NA
Philippines,2016,1A1A1,Natural gas,NA,NA,NA,NA,NA
Philippines,2016,1A1A1,Oil,NA,NA,NA,NA,NA
Philippines,2016,1A1A2,Coal,NA,NA,NA,NA,NA
Philippines,2016,1A1A2,Natural gas,NA,NA,NA,NA,NA
Philippines,2016,1A1A2,Oil,NA,NA,NA,NA,NA
Philippines,2016,1A1A3,Coal,NA,NA,NA,NA,NA
Philippines,2016,1A1A3,Natural gas,NA,NA,NA,NA,NA
Philippines,2016,1A1A3,Oil,NA,NA,NA,NA,NA
Philippines,2016,1A1B,Coal,NA,NA,NA,NA,NA
Philippines,2016,1A1B,Natural gas,NA,NA,NA,NA,NA
Philippines,2016,1A1B,Oil,NA,NA,NA,NA,NA
Philippines,2016,1A1C,Coal,NA,NA,NA,NA,NA
Philippines,2016,1A1C,Natural gas,NA,NA,NA,NA,NA
Philippines,2016,1A1C,Oil,NA,NA,NA,NA,NA
Philippines,2016,1A2,Coal,NA,NA,NA,NA,NA
Philippines,2016,1A2,Natural gas,NA,NA,NA,NA,NA
Philippines,2016,1A2,Oil,NA,NA,NA,NA,NA
Philippines,2016,1A2A,Coal,NA,NA,NA,NA,NA
Philippines,2016,1A2A,Natural gas,NA,NA,NA,NA,NA
Philippines,2016,1A2A,Oil,NA,NA,NA,NA,NA
Philippines,2016,1A2B,Coal,NA,NA,NA,NA,NA
Philippines,2016,1A2B,Natural gas,NA,NA,NA,NA,NA
Philippines,2016,1A2B,Oil,NA,NA,NA,NA,NA
Philippines,2016,1A2C,Coal,NA,NA,NA,NA,NA
Philippines,2016,1A2C,Natural gas,NA,NA,NA,NA,NA
Philippines,2016,1A2C,Oil,NA,NA,NA,NA,NA
Philippines,2016,1A2D,Coal,NA,NA,NA,NA,NA
Philippines,2016,1A2D,Natural gas,NA,NA,NA,NA,NA
Philippines,2016,1A2D,Oil,NA,NA,NA,NA,NA
Philippines,2016,1A2E,Coal,NA,NA,NA,NA,NA
Philippines,2016,1A2E,Natural gas,NA,NA,NA,NA,NA
Philippines,2016,1A2E,Oil,NA,NA,NA,NA,NA
Philippines,2016,1A2F,Coal,NA,NA,NA,NA,NA
Philippines,2016,1A2F,Natural gas,NA,NA,NA,NA,NA
Philippines,2016,1A2F,Oil,NA,NA,NA,NA,NA
Philippines,2016,1A2G,Coal,NA,NA,NA,NA,NA
Philippines,2016,1A2G,Natural gas,NA,NA,NA,NA,NA
Philippines,2016,1A2G,Oil,NA,NA,NA,NA,NA
Philippines,2016,1A2H,Coal,NA,NA,NA,NA,NA
Philippines,2016,1A2H,Natural gas,NA,NA,NA,NA,NA
Philippines,2016,1A2H,Oil,NA,NA,NA,NA,NA
Philippines,2016,1A2I,Coal,NA,NA,NA,NA,NA
Philippines,2016,1A2I,Natural gas,NA,NA,NA,NA,NA
Philippines,2016,1A2I,Oil,NA,NA,NA,NA,NA
Philippines,2016,1A2J,Coal,NA,NA,NA,NA,NA
Philippines,2016,1A2J,Natural gas,NA,NA,NA,NA,NA
Philippines,2016,1A2J,Oil,NA,NA,NA,NA,NA
Philippines,2016,1A2K,Coal,NA,NA,NA,NA,NA
Philippines,2016,1A2K,Natural gas,NA,NA,NA,NA,NA
Philippines,2016,1A2K,Oil,NA,NA,NA,NA,NA
Philippines,2016,1A2L,Coal,NA,NA,NA,NA,NA
Philippines,2016,1A2L,Natural gas,NA,NA,NA,NA,NA
Philippines,2016,1A2L,Oil,NA,NA,NA,NA,NA
Philippines,2016,1A2M,Coal,NA,NA,NA,NA,NA
Philippines,2016,1A2M,Natural gas,NA,NA,NA,NA,NA
Philippines,2016,1A2M,Oil,NA,NA,NA,NA,NA
Philippines,2016,1A3,Coal,NA,NA,NA,NA,NA
Philippines,2016,1A3,Natural gas,NA,NA,NA,NA,NA
Philippines,2016,1A3,Oil,NA,NA,NA,NA,NA
Philippines,2016,1A3A,Coal,NA,NA,NA,NA,NA
Philippines,2016,1A3A,Natural gas,NA,NA,NA,NA,NA
Philippines,2016,1A3A,Oil,NA,NA,NA,NA,NA
Philippines,2016,1A3A1,Coal,NA,NA,NA,NA,NA
Philippines,2016,1A3A1,Natural gas,NA,NA,NA,NA,NA
Philippines,2016,1A3A1,Oil,NA,NA,NA,NA,NA
Philippines,2016,1A3A2,Coal,NA,NA,NA,NA,NA
Philippines,2016,1A3A2,Natural gas,NA,NA,NA,NA,NA
Philippines,2016,1A3A2,Oil,NA,NA,NA,NA,NA
Philippines,2016,1A3B,Coal,NA,NA,NA,NA,NA
Philippines,2016,1A3B,Natural gas,NA,NA,NA,NA,NA
Philippines,2016,1A3B,Oil,NA,NA,NA,NA,NA
Philippines,2016,1A3C,Coal,NA,NA,NA,NA,NA
Philippines,2016,1A3C,Natural gas,NA,NA,NA,NA,NA
Philippines,2016,1A3C,Oil,NA,NA,NA,NA,NA
Philippines,2016,1A3D,Coal,NA,NA,NA,NA,NA
Philippines,2016,1A3D,Natural gas,NA,NA,NA,NA,NA
Philippines,2016,1A3D,Oil,NA,NA,NA,NA,NA
Philippines,2016,1A3D1,Coal,NA,NA,NA,NA,NA
Philippines,2016,1A3D1,Natural gas,NA,NA,NA,NA,NA
Philippines,2016,1A3D1,Oil,NA,NA,NA,NA,NA
Philippines,2016,1A3D2,Coal,NA,NA,NA,NA,NA
Philippines,2016,1A3D2,Natural gas,NA,NA,NA,NA,NA
Philippines,2016,1A3D2,Oil,NA,NA,NA,NA,NA
Philippines,2016,1A3E,Coal,NA,NA,NA,NA,NA
Philippines,2016,1A3E,Natural gas,NA,NA,NA,NA,NA
Philippines,2016,1A3E,Oil,NA,NA,NA,NA,NA
Philippines,2016,1A3E1,Coal,NA,NA,NA,NA,NA
Philippines,2016,1A3E1,Natural gas,NA,NA,NA,NA,NA
Philippines,2016,1A3E1,Oil,NA,NA,NA,NA,NA
Philippines,2016,1A4,Coal,NA,NA,NA,NA,NA
Philippines,2016,1A4,Natural gas,NA,NA,NA,NA,NA
Philippines,2016,1A4,Oil,NA,NA,NA,NA,NA
Philippines,2016,1A4A,Coal,NA,NA,NA,NA,NA
Philippines,2016,1A4A,Natural gas,NA,NA,NA,NA,NA
Philippines,2016,1A4A,Oil,NA,NA,NA,NA,NA
Philippines,2016,1A4B,Coal,NA,NA,NA,NA,NA
Philippines,2016,1A4B,Natural gas,NA,NA,NA,NA,NA
Philippines,2016,1A4B,Oil,NA,NA,NA,NA,NA
Philippines,2016,1A4C,Coal,NA,NA,NA,NA,NA
Philippines,2016,1A4C,Natural gas,NA,NA,NA,NA,NA
Philippines,2016,1A4C,Oil,NA,NA,NA,NA,NA
Philippines,2016,1A4C1,Coal,NA,NA,NA,NA,NA
Philippines,2016,1A4C1,Natural gas,NA,NA,NA,NA,NA
Philippines,2016,1A4C1,Oil,NA,NA,NA,NA,NA
Philippines,2016,1A4C2,Coal,NA,NA,NA,NA,NA
Philippines,2016,1A4C2,Natural gas,NA,NA,NA,NA,NA
Philippines,2016,1A4C2,Oil,NA,NA,NA,NA,NA
Philippines,2016,1A4C3,Coal,NA,NA,NA,NA,NA
Philippines,2016,1A4C3,Natural gas,NA,NA,NA,NA,NA
Philippines,2016,1A4C3,Oil,NA,NA,NA,NA,NA
Philippines,2016,1A5,Coal,NA,NA,NA,NA,NA
Philippines,2016,1A5,Natural gas,NA,NA,NA,NA,NA
Philippines,2016,1A5,Oil,NA,NA,NA,NA,NA
Philippines,2016,1A5A,Coal,NA,NA,NA,NA,NA
Philippines,2016,1A5A,Natural gas,NA,NA,NA,NA,NA
Philippines,2016,1A5A,Oil,NA,NA,NA,NA,NA
Philippines,2016,1A5B,Coal,NA,NA,NA,NA,NA
Philippines,2016,1A5B,Natural gas,NA,NA,NA,NA,NA
Philippines,2016,1A5B,Oil,NA,NA,NA,NA,NA
Philippines,2016,1A5C,Coal,NA,NA,NA,NA,NA
Philippines,2016,1A5C,Natural gas,NA,NA,NA,NA,NA
Philippines,2016,1A5C,Oil,NA,NA,NA,NA,NA
Philippines,2016,1B,NA,NA,NA,NA,NA,NA
Philippines,2016,1B1,NA,NA,NA,NA,NA,NA
Philippines,2016,1B1A,NA,NA,NA,NA,NA,NA
Philippines,2016,1B1A1,NA,NA,NA,NA,NA,NA
Philippines,2016,1B1A11,NA,NA,NA,NA,NA,NA
Philippines,2016,1B1A12,NA,NA,NA,NA,NA,NA
Philippines,2016,1B1A13,NA,NA,NA,NA,NA,NA
Philippines,2016,1B1A14,NA,NA,NA,NA,NA,NA
Philippines,2016,1B1A2,NA,NA,NA,NA,NA,NA
Philippines,2016,1B1A21,NA,NA,NA,NA,NA,NA
Philippines,2016,1B1A22,NA,NA,NA,NA,NA,NA
Philippines,2016,1B1B,NA,NA,NA,NA,NA,NA
Philippines,2016,1B2,NA,NA,NA,NA,NA,NA
Philippines,2016,1B2A,NA,NA,NA,NA,NA,NA
Philippines,2016,1B2A1,NA,NA,NA,NA,NA,NA
Philippines,2016,1B2A2,NA,NA,NA,NA,NA,NA
Philippines,2016,1B2A3,NA,NA,NA,NA,NA,NA
Philippines,2016,1B2A31,NA,NA,NA,NA,NA,NA
Philippines,2016,1B2A32,NA,NA,NA,NA,NA,NA
Philippines,2016,1B2A33,NA,NA,NA,NA,NA,NA
Philippines,2016,1B2A34,NA,NA,NA,NA,NA,NA
Philippines,2016,1B2A35,NA,NA,NA,NA,NA,NA
Philippines,2016,1B2A36,NA,NA,NA,NA,NA,NA
Philippines,2016,1B2B,NA,NA,NA,NA,NA,NA
Philippines,2016,1B2B1,NA,NA,NA,NA,NA,NA
Philippines,2016,1B2B2,NA,NA,NA,NA,NA,NA
Philippines,2016,1B2B3,NA,NA,NA,NA,NA,NA
Philippines,2016,1B2B31,NA,NA,NA,NA,NA,NA
Philippines,2016,1B2B32,NA,NA,NA,NA,NA,NA
Philippines,2016,1B2B33,NA,NA,NA,NA,NA,NA
Philippines,2016,1B2B34,NA,NA,NA,NA,NA,NA
Philippines,2016,1B2B35,NA,NA,NA,NA,NA,NA
Philippines,2016,1B2B36,NA,NA,NA,NA,NA,NA
Philippines,2016,1B3,NA,NA,NA,NA,NA,NA
Philippines,2016,1C,NA,NA,NA,NA,NA,NA
Philippines,2016,1C1,NA,NA,NA,NA,NA,NA
Philippines,2016,1C1A,NA,NA,NA,NA,NA,NA
Philippines,2016,1C1B,NA,NA,NA,NA,NA,NA
Philippines,2016,1C1C,NA,NA,NA,NA,NA,NA
Philippines,2016,1C2,NA,NA,NA,NA,NA,NA
Philippines,2016,1C2A,NA,NA,NA,NA,NA,NA
Philippines,2016,1C2B,NA,NA,NA,NA,NA,NA
Philippines,2016,1C3,NA,NA,NA,NA,NA,NA
Philippines,2016,2A,NA,NA,NA,NA,NA,NA
Philippines,2016,2A1,NA,NA,NA,NA,NA,NA
Philippines,2016,2A2,NA,NA,NA,NA,NA,NA
Philippines,2016,2A3,NA,NA,NA,NA,NA,NA
Philippines,2016,2A4,NA,NA,NA,NA,NA,NA
Philippines,2016,2A4A,NA,NA,NA,NA,NA,NA
Philippines,2016,2A4B,NA,NA,NA,NA,NA,NA
Philippines,2016,2A4C,NA,NA,NA,NA,NA,NA
Philippines,2016,2A4D,NA,NA,NA,NA,NA,NA
Philippines,2016,2B,NA,NA,NA,NA,NA,NA
Philippines,2016,2B1,NA,NA,NA,NA,NA,NA
Philippines,2016,2B10,NA,NA,NA,NA,NA,NA
Philippines,2016,2B2,NA,NA,NA,NA,NA,NA
Philippines,2016,2B3,NA,NA,NA,NA,NA,NA
Philippines,2016,2B4,NA,NA,NA,NA,NA,NA
Philippines,2016,2B5,NA,NA,NA,NA,NA,NA
Philippines,2016,2B6,NA,NA,NA,NA,NA,NA
Philippines,2016,2B7,NA,NA,NA,NA,NA,NA
Philippines,2016,2B8,NA,NA,NA,NA,NA,NA
Philippines,2016,2B8A,NA,NA,NA,NA,NA,NA
Philippines,2016,2B8B,NA,NA,NA,NA,NA,NA
Philippines,2016,2B8C,NA,NA,NA,NA,NA,NA
Philippines,2016,2B8D,NA,NA,NA,NA,NA,NA
Philippines,2016,2B8E,NA,NA,NA,NA,NA,NA
Philippines,2016,2B8F,NA,NA,NA,NA,NA,NA
Philippines,2016,2B9,NA,NA,NA,NA,NA,NA
Philippines,2016,2B9A,NA,NA,NA,NA,NA,NA
Philippines,2016,2B9B,NA,NA,NA,NA,NA,NA
Philippines,2016,2C,NA,NA,NA,NA,NA,NA
Philippines,2016,2C1,NA,NA,NA,NA,NA,NA
Philippines,2016,2C2,NA,NA,NA,NA,NA,NA
Philippines,2016,2C3,NA,NA,NA,NA,NA,NA
Philippines,2016,2C4,NA,NA,NA,NA,NA,NA
Philippines,2016,2C5,NA,NA,NA,NA,NA,NA
Philippines,2016,2C6,NA,NA,NA,NA,NA,NA
Philippines,2016,2C7,NA,NA,NA,NA,NA,NA
Philippines,2016,2D,NA,NA,NA,NA,NA,NA
Philippines,2016,2D1,NA,NA,NA,NA,NA,NA
Philippines,2016,2D2,NA,NA,NA,NA,NA,NA
Philippines,2016,2D3,NA,NA,NA,NA,NA,NA
Philippines,2016,2D4,NA,NA,NA,NA,NA,NA
Philippines,2016,2E,NA,NA,NA,NA,NA,NA
Philippines,2016,2E1,NA,NA,NA,NA,NA,NA
Philippines,2016,2E2,NA,NA,NA,NA,NA,NA
Philippines,2016,2E3,NA,NA,NA,NA,NA,NA
Philippines,2016,2E4,NA,NA,NA,NA,NA,NA
Philippines,2016,2E5,NA,NA,NA,NA,NA,NA
Philippines,2016,2F,NA,NA,NA,NA,NA,NA
Philippines,2016,2F1,NA,NA,NA,NA,NA,NA
Philippines,2016,2F2,NA,NA,NA,NA,NA,NA
Philippines,2016,2F3,NA,NA,NA,NA,NA,NA
Philippines,2016,2F4,NA,NA,NA,NA,NA,NA
Philippines,2016,2F5,NA,NA,NA,NA,NA,NA
Philippines,2016,2F6,NA,NA,NA,NA,NA,NA
Philippines,2016,2G,NA,NA,NA,NA,NA,NA
Philippines,2016,2G1,NA,NA,NA,NA,NA,NA
Philippines,2016,2G2,NA,NA,NA,NA,NA,NA
Philippines,2016,2G3,NA,NA,NA,NA,NA,NA
Philippines,2016,2G4,NA,NA,NA,NA,NA,NA
Philippines,2016,2H,NA,NA,NA,NA,NA,NA
Philippines,2016,2H1,NA,NA,NA,NA,NA,NA
Philippines,2016,2H2,NA,NA,NA,NA,NA,NA
Philippines,2016,2H3,NA,NA,NA,NA,NA,NA
Philippines,2016,3A,NA,NA,NA,NA,NA,NA
Philippines,2016,3A1,NA,NA,NA,NA,NA,NA
Philippines,2016,3A2,NA,NA,NA,NA,NA,NA
Philippines,2016,3B,NA,NA,NA,NA,NA,NA
Philippines,2016,3B1,NA,NA,NA,NA,NA,NA
Philippines,2016,3B1A,NA,NA,NA,NA,NA,NA
Philippines,2016,3B1B,NA,NA,NA,NA,NA,NA
Philippines,2016,3B2,NA,NA,NA,NA,NA,NA
Philippines,2016,3B2A,NA,NA,NA,NA,NA,NA
Philippines,2016,3B2B,NA,NA,NA,NA,NA,NA
Philippines,2016,3B3,NA,NA,NA,NA,NA,NA
Philippines,2016,3B3A,NA,NA,NA,NA,NA,NA
Philippines,2016,3B3B,NA,NA,NA,NA,NA,NA
Philippines,2016,3B4,NA,NA,NA,NA,NA,NA
Philippines,2016,3B4A,NA,NA,NA,NA,NA,NA
Philippines,2016,3B4B,NA,NA,NA,NA,NA,NA
Philippines,2016,3B5,NA,NA,NA,NA,NA,NA
Philippines,2016,3B5A,NA,NA,NA,NA,NA,NA
Philippines,2016,3B5B,NA,NA,NA,NA,NA,NA
Philippines,2016,3B6,NA,NA,NA,NA,NA,NA
Philippines,2016,3B6A,NA,NA,NA,NA,NA,NA
Philippines,2016,3B6B,NA,NA,NA,NA,NA,NA
Philippines,2016,3B6B1,NA,NA,NA,NA,NA,NA
Philippines,2016,3B6B2,NA,NA,NA,NA,NA,NA
Philippines,2016,3B6B3,NA,NA,NA,NA,NA,NA
Philippines,2016,3B6B4,NA,NA,NA,NA,NA,NA
Philippines,2016,3B6B5,NA,NA,NA,NA,NA,NA
Philippines,2016,3C,NA,NA,NA,NA,NA,NA
Philippines,2016,3C1,NA,NA,NA,NA,NA,NA
Philippines,2016,3C2,NA,NA,NA,NA,NA,NA
Philippines,2016,3C3,NA,NA,NA,NA,NA,NA
Philippines,2016,3C4,NA,NA,NA,NA,NA,NA
Philippines,2016,3C5,NA,NA,NA,NA,NA,NA
Philippines,2016,3C6,NA,NA,NA,NA,NA,NA
Philippines,2016,3C7,NA,NA,NA,NA,NA,NA
Philippines,2016,3C8,NA,NA,NA,NA,NA,NA
Philippines,2016,3D,NA,NA,NA,NA,NA,NA
Philippines,2016,3D1,NA,NA,NA,NA,NA,NA
Philippines,2016,3D2,NA,NA,NA,NA,NA,NA
Philippines,2016,4A,NA,NA,NA,NA,NA,NA
Philippines,2016,4A1,NA,NA,NA,NA,NA,NA
Philippines,2016,4A2,NA,NA,NA,NA,NA,NA
Philippines,2016,4A3,NA,NA,NA,NA,NA,NA
Philippines,2016,4B,NA,NA,NA,NA,NA,NA
Philippines,2016,4C,NA,NA,NA,NA,NA,NA
Philippines,2016,4C1,NA,NA,NA,NA,NA,NA
Philippines,2016,4C2,NA,NA,NA,NA,NA,NA
Philippines,2016,4D,NA,NA,NA,NA,NA,NA
Philippines,2016,4D1,NA,NA,NA,NA,NA,NA
Philippines,2016,4D2,NA,NA,NA,NA,NA,NA
Philippines,2016,4E,NA,NA,NA,NA,NA,NA
Philippines,2016,5A,NA,NA,NA,NA,NA,NA
Philippines,2016,5A1,NA,NA,NA,NA,NA,NA
Philippines,2016,5A2,NA,NA,NA,NA,NA,NA
Philippines,2017,0,NA,NA,NA,NA,NA,NA
Philippines,2017,1,NA,NA,NA,NA,NA,NA
Philippines,2017,2,NA,NA,NA,NA,NA,NA
Philippines,2017,3,NA,NA,NA,NA,NA,NA
Philippines,2017,4,NA,NA,NA,NA,NA,NA
Philippines,2017,5,NA,NA,NA,NA,NA,NA
Philippines,2017,1A,Coal,NA,NA,NA,NA,NA
Philippines,2017,1A,Natural gas,NA,NA,NA,NA,NA
Philippines,2017,1A,Oil,NA,NA,NA,NA,NA
Philippines,2017,1A1,Coal,NA,NA,NA,NA,NA
Philippines,2017,1A1,Natural gas,NA,NA,NA,NA,NA
Philippines,2017,1A1,Oil,NA,NA,NA,NA,NA
Philippines,2017,1A1A,Coal,NA,NA,NA,NA,NA
Philippines,2017,1A1A,Natural gas,NA,NA,NA,NA,NA
Philippines,2017,1A1A,Oil,NA,NA,NA,NA,NA
Philippines,2017,1A1A1,Coal,NA,NA,NA,NA,NA
Philippines,2017,1A1A1,Natural gas,NA,NA,NA,NA,NA
Philippines,2017,1A1A1,Oil,NA,NA,NA,NA,NA
Philippines,2017,1A1A2,Coal,NA,NA,NA,NA,NA
Philippines,2017,1A1A2,Natural gas,NA,NA,NA,NA,NA
Philippines,2017,1A1A2,Oil,NA,NA,NA,NA,NA
Philippines,2017,1A1A3,Coal,NA,NA,NA,NA,NA
Philippines,2017,1A1A3,Natural gas,NA,NA,NA,NA,NA
Philippines,2017,1A1A3,Oil,NA,NA,NA,NA,NA
Philippines,2017,1A1B,Coal,NA,NA,NA,NA,NA
Philippines,2017,1A1B,Natural gas,NA,NA,NA,NA,NA
Philippines,2017,1A1B,Oil,NA,NA,NA,NA,NA
Philippines,2017,1A1C,Coal,NA,NA,NA,NA,NA
Philippines,2017,1A1C,Natural gas,NA,NA,NA,NA,NA
Philippines,2017,1A1C,Oil,NA,NA,NA,NA,NA
Philippines,2017,1A2,Coal,NA,NA,NA,NA,NA
Philippines,2017,1A2,Natural gas,NA,NA,NA,NA,NA
Philippines,2017,1A2,Oil,NA,NA,NA,NA,NA
Philippines,2017,1A2A,Coal,NA,NA,NA,NA,NA
Philippines,2017,1A2A,Natural gas,NA,NA,NA,NA,NA
Philippines,2017,1A2A,Oil,NA,NA,NA,NA,NA
Philippines,2017,1A2B,Coal,NA,NA,NA,NA,NA
Philippines,2017,1A2B,Natural gas,NA,NA,NA,NA,NA
Philippines,2017,1A2B,Oil,NA,NA,NA,NA,NA
Philippines,2017,1A2C,Coal,NA,NA,NA,NA,NA
Philippines,2017,1A2C,Natural gas,NA,NA,NA,NA,NA
Philippines,2017,1A2C,Oil,NA,NA,NA,NA,NA
Philippines,2017,1A2D,Coal,NA,NA,NA,NA,NA
Philippines,2017,1A2D,Natural gas,NA,NA,NA,NA,NA
Philippines,2017,1A2D,Oil,NA,NA,NA,NA,NA
Philippines,2017,1A2E,Coal,NA,NA,NA,NA,NA
Philippines,2017,1A2E,Natural gas,NA,NA,NA,NA,NA
Philippines,2017,1A2E,Oil,NA,NA,NA,NA,NA
Philippines,2017,1A2F,Coal,NA,NA,NA,NA,NA
Philippines,2017,1A2F,Natural gas,NA,NA,NA,NA,NA
Philippines,2017,1A2F,Oil,NA,NA,NA,NA,NA
Philippines,2017,1A2G,Coal,NA,NA,NA,NA,NA
Philippines,2017,1A2G,Natural gas,NA,NA,NA,NA,NA
Philippines,2017,1A2G,Oil,NA,NA,NA,NA,NA
Philippines,2017,1A2H,Coal,NA,NA,NA,NA,NA
Philippines,2017,1A2H,Natural gas,NA,NA,NA,NA,NA
Philippines,2017,1A2H,Oil,NA,NA,NA,NA,NA
Philippines,2017,1A2I,Coal,NA,NA,NA,NA,NA
Philippines,2017,1A2I,Natural gas,NA,NA,NA,NA,NA
Philippines,2017,1A2I,Oil,NA,NA,NA,NA,NA
Philippines,2017,1A2J,Coal,NA,NA,NA,NA,NA
Philippines,2017,1A2J,Natural gas,NA,NA,NA,NA,NA
Philippines,2017,1A2J,Oil,NA,NA,NA,NA,NA
Philippines,2017,1A2K,Coal,NA,NA,NA,NA,NA
Philippines,2017,1A2K,Natural gas,NA,NA,NA,NA,NA
Philippines,2017,1A2K,Oil,NA,NA,NA,NA,NA
Philippines,2017,1A2L,Coal,NA,NA,NA,NA,NA
Philippines,2017,1A2L,Natural gas,NA,NA,NA,NA,NA
Philippines,2017,1A2L,Oil,NA,NA,NA,NA,NA
Philippines,2017,1A2M,Coal,NA,NA,NA,NA,NA
Philippines,2017,1A2M,Natural gas,NA,NA,NA,NA,NA
Philippines,2017,1A2M,Oil,NA,NA,NA,NA,NA
Philippines,2017,1A3,Coal,NA,NA,NA,NA,NA
Philippines,2017,1A3,Natural gas,NA,NA,NA,NA,NA
Philippines,2017,1A3,Oil,NA,NA,NA,NA,NA
Philippines,2017,1A3A,Coal,NA,NA,NA,NA,NA
Philippines,2017,1A3A,Natural gas,NA,NA,NA,NA,NA
Philippines,2017,1A3A,Oil,NA,NA,NA,NA,NA
Philippines,2017,1A3A1,Coal,NA,NA,NA,NA,NA
Philippines,2017,1A3A1,Natural gas,NA,NA,NA,NA,NA
Philippines,2017,1A3A1,Oil,NA,NA,NA,NA,NA
Philippines,2017,1A3A2,Coal,NA,NA,NA,NA,NA
Philippines,2017,1A3A2,Natural gas,NA,NA,NA,NA,NA
Philippines,2017,1A3A2,Oil,NA,NA,NA,NA,NA
Philippines,2017,1A3B,Coal,NA,NA,NA,NA,NA
Philippines,2017,1A3B,Natural gas,NA,NA,NA,NA,NA
Philippines,2017,1A3B,Oil,NA,NA,NA,NA,NA
Philippines,2017,1A3C,Coal,NA,NA,NA,NA,NA
Philippines,2017,1A3C,Natural gas,NA,NA,NA,NA,NA
Philippines,2017,1A3C,Oil,NA,NA,NA,NA,NA
Philippines,2017,1A3D,Coal,NA,NA,NA,NA,NA
Philippines,2017,1A3D,Natural gas,NA,NA,NA,NA,NA
Philippines,2017,1A3D,Oil,NA,NA,NA,NA,NA
Philippines,2017,1A3D1,Coal,NA,NA,NA,NA,NA
Philippines,2017,1A3D1,Natural gas,NA,NA,NA,NA,NA
Philippines,2017,1A3D1,Oil,NA,NA,NA,NA,NA
Philippines,2017,1A3D2,Coal,NA,NA,NA,NA,NA
Philippines,2017,1A3D2,Natural gas,NA,NA,NA,NA,NA
Philippines,2017,1A3D2,Oil,NA,NA,NA,NA,NA
Philippines,2017,1A3E,Coal,NA,NA,NA,NA,NA
Philippines,2017,1A3E,Natural gas,NA,NA,NA,NA,NA
Philippines,2017,1A3E,Oil,NA,NA,NA,NA,NA
Philippines,2017,1A3E1,Coal,NA,NA,NA,NA,NA
Philippines,2017,1A3E1,Natural gas,NA,NA,NA,NA,NA
Philippines,2017,1A3E1,Oil,NA,NA,NA,NA,NA
Philippines,2017,1A4,Coal,NA,NA,NA,NA,NA
Philippines,2017,1A4,Natural gas,NA,NA,NA,NA,NA
Philippines,2017,1A4,Oil,NA,NA,NA,NA,NA
Philippines,2017,1A4A,Coal,NA,NA,NA,NA,NA
Philippines,2017,1A4A,Natural gas,NA,NA,NA,NA,NA
Philippines,2017,1A4A,Oil,NA,NA,NA,NA,NA
Philippines,2017,1A4B,Coal,NA,NA,NA,NA,NA
Philippines,2017,1A4B,Natural gas,NA,NA,NA,NA,NA
Philippines,2017,1A4B,Oil,NA,NA,NA,NA,NA
Philippines,2017,1A4C,Coal,NA,NA,NA,NA,NA
Philippines,2017,1A4C,Natural gas,NA,NA,NA,NA,NA
Philippines,2017,1A4C,Oil,NA,NA,NA,NA,NA
Philippines,2017,1A4C1,Coal,NA,NA,NA,NA,NA
Philippines,2017,1A4C1,Natural gas,NA,NA,NA,NA,NA
Philippines,2017,1A4C1,Oil,NA,NA,NA,NA,NA
Philippines,2017,1A4C2,Coal,NA,NA,NA,NA,NA
Philippines,2017,1A4C2,Natural gas,NA,NA,NA,NA,NA
Philippines,2017,1A4C2,Oil,NA,NA,NA,NA,NA
Philippines,2017,1A4C3,Coal,NA,NA,NA,NA,NA
Philippines,2017,1A4C3,Natural gas,NA,NA,NA,NA,NA
Philippines,2017,1A4C3,Oil,NA,NA,NA,NA,NA
Philippines,2017,1A5,Coal,NA,NA,NA,NA,NA
Philippines,2017,1A5,Natural gas,NA,NA,NA,NA,NA
Philippines,2017,1A5,Oil,NA,NA,NA,NA,NA
Philippines,2017,1A5A,Coal,NA,NA,NA,NA,NA
Philippines,2017,1A5A,Natural gas,NA,NA,NA,NA,NA
Philippines,2017,1A5A,Oil,NA,NA,NA,NA,NA
Philippines,2017,1A5B,Coal,NA,NA,NA,NA,NA
Philippines,2017,1A5B,Natural gas,NA,NA,NA,NA,NA
Philippines,2017,1A5B,Oil,NA,NA,NA,NA,NA
Philippines,2017,1A5C,Coal,NA,NA,NA,NA,NA
Philippines,2017,1A5C,Natural gas,NA,NA,NA,NA,NA
Philippines,2017,1A5C,Oil,NA,NA,NA,NA,NA
Philippines,2017,1B,NA,NA,NA,NA,NA,NA
Philippines,2017,1B1,NA,NA,NA,NA,NA,NA
Philippines,2017,1B1A,NA,NA,NA,NA,NA,NA
Philippines,2017,1B1A1,NA,NA,NA,NA,NA,NA
Philippines,2017,1B1A11,NA,NA,NA,NA,NA,NA
Philippines,2017,1B1A12,NA,NA,NA,NA,NA,NA
Philippines,2017,1B1A13,NA,NA,NA,NA,NA,NA
Philippines,2017,1B1A14,NA,NA,NA,NA,NA,NA
Philippines,2017,1B1A2,NA,NA,NA,NA,NA,NA
Philippines,2017,1B1A21,NA,NA,NA,NA,NA,NA
Philippines,2017,1B1A22,NA,NA,NA,NA,NA,NA
Philippines,2017,1B1B,NA,NA,NA,NA,NA,NA
Philippines,2017,1B2,NA,NA,NA,NA,NA,NA
Philippines,2017,1B2A,NA,NA,NA,NA,NA,NA
Philippines,2017,1B2A1,NA,NA,NA,NA,NA,NA
Philippines,2017,1B2A2,NA,NA,NA,NA,NA,NA
Philippines,2017,1B2A3,NA,NA,NA,NA,NA,NA
Philippines,2017,1B2A31,NA,NA,NA,NA,NA,NA
Philippines,2017,1B2A32,NA,NA,NA,NA,NA,NA
Philippines,2017,1B2A33,NA,NA,NA,NA,NA,NA
Philippines,2017,1B2A34,NA,NA,NA,NA,NA,NA
Philippines,2017,1B2A35,NA,NA,NA,NA,NA,NA
Philippines,2017,1B2A36,NA,NA,NA,NA,NA,NA
Philippines,2017,1B2B,NA,NA,NA,NA,NA,NA
Philippines,2017,1B2B1,NA,NA,NA,NA,NA,NA
Philippines,2017,1B2B2,NA,NA,NA,NA,NA,NA
Philippines,2017,1B2B3,NA,NA,NA,NA,NA,NA
Philippines,2017,1B2B31,NA,NA,NA,NA,NA,NA
Philippines,2017,1B2B32,NA,NA,NA,NA,NA,NA
Philippines,2017,1B2B33,NA,NA,NA,NA,NA,NA
Philippines,2017,1B2B34,NA,NA,NA,NA,NA,NA
Philippines,2017,1B2B35,NA,NA,NA,NA,NA,NA
Philippines,2017,1B2B36,NA,NA,NA,NA,NA,NA
Philippines,2017,1B3,NA,NA,NA,NA,NA,NA
Philippines,2017,1C,NA,NA,NA,NA,NA,NA
Philippines,2017,1C1,NA,NA,NA,NA,NA,NA
Philippines,2017,1C1A,NA,NA,NA,NA,NA,NA
Philippines,2017,1C1B,NA,NA,NA,NA,NA,NA
Philippines,2017,1C1C,NA,NA,NA,NA,NA,NA
Philippines,2017,1C2,NA,NA,NA,NA,NA,NA
Philippines,2017,1C2A,NA,NA,NA,NA,NA,NA
Philippines,2017,1C2B,NA,NA,NA,NA,NA,NA
Philippines,2017,1C3,NA,NA,NA,NA,NA,NA
Philippines,2017,2A,NA,NA,NA,NA,NA,NA
Philippines,2017,2A1,NA,NA,NA,NA,NA,NA
Philippines,2017,2A2,NA,NA,NA,NA,NA,NA
Philippines,2017,2A3,NA,NA,NA,NA,NA,NA
Philippines,2017,2A4,NA,NA,NA,NA,NA,NA
Philippines,2017,2A4A,NA,NA,NA,NA,NA,NA
Philippines,2017,2A4B,NA,NA,NA,NA,NA,NA
Philippines,2017,2A4C,NA,NA,NA,NA,NA,NA
Philippines,2017,2A4D,NA,NA,NA,NA,NA,NA
Philippines,2017,2B,NA,NA,NA,NA,NA,NA
Philippines,2017,2B1,NA,NA,NA,NA,NA,NA
Philippines,2017,2B10,NA,NA,NA,NA,NA,NA
Philippines,2017,2B2,NA,NA,NA,NA,NA,NA
Philippines,2017,2B3,NA,NA,NA,NA,NA,NA
Philippines,2017,2B4,NA,NA,NA,NA,NA,NA
Philippines,2017,2B5,NA,NA,NA,NA,NA,NA
Philippines,2017,2B6,NA,NA,NA,NA,NA,NA
Philippines,2017,2B7,NA,NA,NA,NA,NA,NA
Philippines,2017,2B8,NA,NA,NA,NA,NA,NA
Philippines,2017,2B8A,NA,NA,NA,NA,NA,NA
Philippines,2017,2B8B,NA,NA,NA,NA,NA,NA
Philippines,2017,2B8C,NA,NA,NA,NA,NA,NA
Philippines,2017,2B8D,NA,NA,NA,NA,NA,NA
Philippines,2017,2B8E,NA,NA,NA,NA,NA,NA
Philippines,2017,2B8F,NA,NA,NA,NA,NA,NA
Philippines,2017,2B9,NA,NA,NA,NA,NA,NA
Philippines,2017,2B9A,NA,NA,NA,NA,NA,NA
Philippines,2017,2B9B,NA,NA,NA,NA,NA,NA
Philippines,2017,2C,NA,NA,NA,NA,NA,NA
Philippines,2017,2C1,NA,NA,NA,NA,NA,NA
Philippines,2017,2C2,NA,NA,NA,NA,NA,NA
Philippines,2017,2C3,NA,NA,NA,NA,NA,NA
Philippines,2017,2C4,NA,NA,NA,NA,NA,NA
Philippines,2017,2C5,NA,NA,NA,NA,NA,NA
Philippines,2017,2C6,NA,NA,NA,NA,NA,NA
Philippines,2017,2C7,NA,NA,NA,NA,NA,NA
Philippines,2017,2D,NA,NA,NA,NA,NA,NA
Philippines,2017,2D1,NA,NA,NA,NA,NA,NA
Philippines,2017,2D2,NA,NA,NA,NA,NA,NA
Philippines,2017,2D3,NA,NA,NA,NA,NA,NA
Philippines,2017,2D4,NA,NA,NA,NA,NA,NA
Philippines,2017,2E,NA,NA,NA,NA,NA,NA
Philippines,2017,2E1,NA,NA,NA,NA,NA,NA
Philippines,2017,2E2,NA,NA,NA,NA,NA,NA
Philippines,2017,2E3,NA,NA,NA,NA,NA,NA
Philippines,2017,2E4,NA,NA,NA,NA,NA,NA
Philippines,2017,2E5,NA,NA,NA,NA,NA,NA
Philippines,2017,2F,NA,NA,NA,NA,NA,NA
Philippines,2017,2F1,NA,NA,NA,NA,NA,NA
Philippines,2017,2F2,NA,NA,NA,NA,NA,NA
Philippines,2017,2F3,NA,NA,NA,NA,NA,NA
Philippines,2017,2F4,NA,NA,NA,NA,NA,NA
Philippines,2017,2F5,NA,NA,NA,NA,NA,NA
Philippines,2017,2F6,NA,NA,NA,NA,NA,NA
Philippines,2017,2G,NA,NA,NA,NA,NA,NA
Philippines,2017,2G1,NA,NA,NA,NA,NA,NA
Philippines,2017,2G2,NA,NA,NA,NA,NA,NA
Philippines,2017,2G3,NA,NA,NA,NA,NA,NA
Philippines,2017,2G4,NA,NA,NA,NA,NA,NA
Philippines,2017,2H,NA,NA,NA,NA,NA,NA
Philippines,2017,2H1,NA,NA,NA,NA,NA,NA
Philippines,2017,2H2,NA,NA,NA,NA,NA,NA
Philippines,2017,2H3,NA,NA,NA,NA,NA,NA
Philippines,2017,3A,NA,NA,NA,NA,NA,NA
Philippines,2017,3A1,NA,NA,NA,NA,NA,NA
Philippines,2017,3A2,NA,NA,NA,NA,NA,NA
Philippines,2017,3B,NA,NA,NA,NA,NA,NA
Philippines,2017,3B1,NA,NA,NA,NA,NA,NA
Philippines,2017,3B1A,NA,NA,NA,NA,NA,NA
Philippines,2017,3B1B,NA,NA,NA,NA,NA,NA
Philippines,2017,3B2,NA,NA,NA,NA,NA,NA
Philippines,2017,3B2A,NA,NA,NA,NA,NA,NA
Philippines,2017,3B2B,NA,NA,NA,NA,NA,NA
Philippines,2017,3B3,NA,NA,NA,NA,NA,NA
Philippines,2017,3B3A,NA,NA,NA,NA,NA,NA
Philippines,2017,3B3B,NA,NA,NA,NA,NA,NA
Philippines,2017,3B4,NA,NA,NA,NA,NA,NA
Philippines,2017,3B4A,NA,NA,NA,NA,NA,NA
Philippines,2017,3B4B,NA,NA,NA,NA,NA,NA
Philippines,2017,3B5,NA,NA,NA,NA,NA,NA
Philippines,2017,3B5A,NA,NA,NA,NA,NA,NA
Philippines,2017,3B5B,NA,NA,NA,NA,NA,NA
Philippines,2017,3B6,NA,NA,NA,NA,NA,NA
Philippines,2017,3B6A,NA,NA,NA,NA,NA,NA
Philippines,2017,3B6B,NA,NA,NA,NA,NA,NA
Philippines,2017,3B6B1,NA,NA,NA,NA,NA,NA
Philippines,2017,3B6B2,NA,NA,NA,NA,NA,NA
Philippines,2017,3B6B3,NA,NA,NA,NA,NA,NA
Philippines,2017,3B6B4,NA,NA,NA,NA,NA,NA
Philippines,2017,3B6B5,NA,NA,NA,NA,NA,NA
Philippines,2017,3C,NA,NA,NA,NA,NA,NA
Philippines,2017,3C1,NA,NA,NA,NA,NA,NA
Philippines,2017,3C2,NA,NA,NA,NA,NA,NA
Philippines,2017,3C3,NA,NA,NA,NA,NA,NA
Philippines,2017,3C4,NA,NA,NA,NA,NA,NA
Philippines,2017,3C5,NA,NA,NA,NA,NA,NA
Philippines,2017,3C6,NA,NA,NA,NA,NA,NA
Philippines,2017,3C7,NA,NA,NA,NA,NA,NA
Philippines,2017,3C8,NA,NA,NA,NA,NA,NA
Philippines,2017,3D,NA,NA,NA,NA,NA,NA
Philippines,2017,3D1,NA,NA,NA,NA,NA,NA
Philippines,2017,3D2,NA,NA,NA,NA,NA,NA
Philippines,2017,4A,NA,NA,NA,NA,NA,NA
Philippines,2017,4A1,NA,NA,NA,NA,NA,NA
Philippines,2017,4A2,NA,NA,NA,NA,NA,NA
Philippines,2017,4A3,NA,NA,NA,NA,NA,NA
Philippines,2017,4B,NA,NA,NA,NA,NA,NA
Philippines,2017,4C,NA,NA,NA,NA,NA,NA
Philippines,2017,4C1,NA,NA,NA,NA,NA,NA
Philippines,2017,4C2,NA,NA,NA,NA,NA,NA
Philippines,2017,4D,NA,NA,NA,NA,NA,NA
Philippines,2017,4D1,NA,NA,NA,NA,NA,NA
Philippines,2017,4D2,NA,NA,NA,NA,NA,NA
Philippines,2017,4E,NA,NA,NA,NA,NA,NA
Philippines,2017,5A,NA,NA,NA,NA,NA,NA
Philippines,2017,5A1,NA,NA,NA,NA,NA,NA
Philippines,2017,5A2,NA,NA,NA,NA,NA,NA
Philippines,2018,0,NA,NA,NA,NA,NA,NA
Philippines,2018,1,NA,NA,NA,NA,NA,NA
Philippines,2018,2,NA,NA,NA,NA,NA,NA
Philippines,2018,3,NA,NA,NA,NA,NA,NA
Philippines,2018,4,NA,NA,NA,NA,NA,NA
Philippines,2018,5,NA,NA,NA,NA,NA,NA
Philippines,2018,1A,Coal,NA,NA,NA,NA,NA
Philippines,2018,1A,Natural gas,NA,NA,NA,NA,NA
Philippines,2018,1A,Oil,NA,NA,NA,NA,NA
Philippines,2018,1A1,Coal,NA,NA,NA,NA,NA
Philippines,2018,1A1,Natural gas,NA,NA,NA,NA,NA
Philippines,2018,1A1,Oil,NA,NA,NA,NA,NA
Philippines,2018,1A1A,Coal,NA,NA,NA,NA,NA
Philippines,2018,1A1A,Natural gas,NA,NA,NA,NA,NA
Philippines,2018,1A1A,Oil,NA,NA,NA,NA,NA
Philippines,2018,1A1A1,Coal,NA,NA,NA,NA,NA
Philippines,2018,1A1A1,Natural gas,NA,NA,NA,NA,NA
Philippines,2018,1A1A1,Oil,NA,NA,NA,NA,NA
Philippines,2018,1A1A2,Coal,NA,NA,NA,NA,NA
Philippines,2018,1A1A2,Natural gas,NA,NA,NA,NA,NA
Philippines,2018,1A1A2,Oil,NA,NA,NA,NA,NA
Philippines,2018,1A1A3,Coal,NA,NA,NA,NA,NA
Philippines,2018,1A1A3,Natural gas,NA,NA,NA,NA,NA
Philippines,2018,1A1A3,Oil,NA,NA,NA,NA,NA
Philippines,2018,1A1B,Coal,NA,NA,NA,NA,NA
Philippines,2018,1A1B,Natural gas,NA,NA,NA,NA,NA
Philippines,2018,1A1B,Oil,NA,NA,NA,NA,NA
Philippines,2018,1A1C,Coal,NA,NA,NA,NA,NA
Philippines,2018,1A1C,Natural gas,NA,NA,NA,NA,NA
Philippines,2018,1A1C,Oil,NA,NA,NA,NA,NA
Philippines,2018,1A2,Coal,NA,NA,NA,NA,NA
Philippines,2018,1A2,Natural gas,NA,NA,NA,NA,NA
Philippines,2018,1A2,Oil,NA,NA,NA,NA,NA
Philippines,2018,1A2A,Coal,NA,NA,NA,NA,NA
Philippines,2018,1A2A,Natural gas,NA,NA,NA,NA,NA
Philippines,2018,1A2A,Oil,NA,NA,NA,NA,NA
Philippines,2018,1A2B,Coal,NA,NA,NA,NA,NA
Philippines,2018,1A2B,Natural gas,NA,NA,NA,NA,NA
Philippines,2018,1A2B,Oil,NA,NA,NA,NA,NA
Philippines,2018,1A2C,Coal,NA,NA,NA,NA,NA
Philippines,2018,1A2C,Natural gas,NA,NA,NA,NA,NA
Philippines,2018,1A2C,Oil,NA,NA,NA,NA,NA
Philippines,2018,1A2D,Coal,NA,NA,NA,NA,NA
Philippines,2018,1A2D,Natural gas,NA,NA,NA,NA,NA
Philippines,2018,1A2D,Oil,NA,NA,NA,NA,NA
Philippines,2018,1A2E,Coal,NA,NA,NA,NA,NA
Philippines,2018,1A2E,Natural gas,NA,NA,NA,NA,NA
Philippines,2018,1A2E,Oil,NA,NA,NA,NA,NA
Philippines,2018,1A2F,Coal,NA,NA,NA,NA,NA
Philippines,2018,1A2F,Natural gas,NA,NA,NA,NA,NA
Philippines,2018,1A2F,Oil,NA,NA,NA,NA,NA
Philippines,2018,1A2G,Coal,NA,NA,NA,NA,NA
Philippines,2018,1A2G,Natural gas,NA,NA,NA,NA,NA
Philippines,2018,1A2G,Oil,NA,NA,NA,NA,NA
Philippines,2018,1A2H,Coal,NA,NA,NA,NA,NA
Philippines,2018,1A2H,Natural gas,NA,NA,NA,NA,NA
Philippines,2018,1A2H,Oil,NA,NA,NA,NA,NA
Philippines,2018,1A2I,Coal,NA,NA,NA,NA,NA
Philippines,2018,1A2I,Natural gas,NA,NA,NA,NA,NA
Philippines,2018,1A2I,Oil,NA,NA,NA,NA,NA
Philippines,2018,1A2J,Coal,NA,NA,NA,NA,NA
Philippines,2018,1A2J,Natural gas,NA,NA,NA,NA,NA
Philippines,2018,1A2J,Oil,NA,NA,NA,NA,NA
Philippines,2018,1A2K,Coal,NA,NA,NA,NA,NA
Philippines,2018,1A2K,Natural gas,NA,NA,NA,NA,NA
Philippines,2018,1A2K,Oil,NA,NA,NA,NA,NA
Philippines,2018,1A2L,Coal,NA,NA,NA,NA,NA
Philippines,2018,1A2L,Natural gas,NA,NA,NA,NA,NA
Philippines,2018,1A2L,Oil,NA,NA,NA,NA,NA
Philippines,2018,1A2M,Coal,NA,NA,NA,NA,NA
Philippines,2018,1A2M,Natural gas,NA,NA,NA,NA,NA
Philippines,2018,1A2M,Oil,NA,NA,NA,NA,NA
Philippines,2018,1A3,Coal,NA,NA,NA,NA,NA
Philippines,2018,1A3,Natural gas,NA,NA,NA,NA,NA
Philippines,2018,1A3,Oil,NA,NA,NA,NA,NA
Philippines,2018,1A3A,Coal,NA,NA,NA,NA,NA
Philippines,2018,1A3A,Natural gas,NA,NA,NA,NA,NA
Philippines,2018,1A3A,Oil,NA,NA,NA,NA,NA
Philippines,2018,1A3A1,Coal,NA,NA,NA,NA,NA
Philippines,2018,1A3A1,Natural gas,NA,NA,NA,NA,NA
Philippines,2018,1A3A1,Oil,NA,NA,NA,NA,NA
Philippines,2018,1A3A2,Coal,NA,NA,NA,NA,NA
Philippines,2018,1A3A2,Natural gas,NA,NA,NA,NA,NA
Philippines,2018,1A3A2,Oil,NA,NA,NA,NA,NA
Philippines,2018,1A3B,Coal,NA,NA,NA,NA,NA
Philippines,2018,1A3B,Natural gas,NA,NA,NA,NA,NA
Philippines,2018,1A3B,Oil,NA,NA,NA,NA,NA
Philippines,2018,1A3C,Coal,NA,NA,NA,NA,NA
Philippines,2018,1A3C,Natural gas,NA,NA,NA,NA,NA
Philippines,2018,1A3C,Oil,NA,NA,NA,NA,NA
Philippines,2018,1A3D,Coal,NA,NA,NA,NA,NA
Philippines,2018,1A3D,Natural gas,NA,NA,NA,NA,NA
Philippines,2018,1A3D,Oil,NA,NA,NA,NA,NA
Philippines,2018,1A3D1,Coal,NA,NA,NA,NA,NA
Philippines,2018,1A3D1,Natural gas,NA,NA,NA,NA,NA
Philippines,2018,1A3D1,Oil,NA,NA,NA,NA,NA
Philippines,2018,1A3D2,Coal,NA,NA,NA,NA,NA
Philippines,2018,1A3D2,Natural gas,NA,NA,NA,NA,NA
Philippines,2018,1A3D2,Oil,NA,NA,NA,NA,NA
Philippines,2018,1A3E,Coal,NA,NA,NA,NA,NA
Philippines,2018,1A3E,Natural gas,NA,NA,NA,NA,NA
Philippines,2018,1A3E,Oil,NA,NA,NA,NA,NA
Philippines,2018,1A3E1,Coal,NA,NA,NA,NA,NA
Philippines,2018,1A3E1,Natural gas,NA,NA,NA,NA,NA
Philippines,2018,1A3E1,Oil,NA,NA,NA,NA,NA
Philippines,2018,1A4,Coal,NA,NA,NA,NA,NA
Philippines,2018,1A4,Natural gas,NA,NA,NA,NA,NA
Philippines,2018,1A4,Oil,NA,NA,NA,NA,NA
Philippines,2018,1A4A,Coal,NA,NA,NA,NA,NA
Philippines,2018,1A4A,Natural gas,NA,NA,NA,NA,NA
Philippines,2018,1A4A,Oil,NA,NA,NA,NA,NA
Philippines,2018,1A4B,Coal,NA,NA,NA,NA,NA
Philippines,2018,1A4B,Natural gas,NA,NA,NA,NA,NA
Philippines,2018,1A4B,Oil,NA,NA,NA,NA,NA
Philippines,2018,1A4C,Coal,NA,NA,NA,NA,NA
Philippines,2018,1A4C,Natural gas,NA,NA,NA,NA,NA
Philippines,2018,1A4C,Oil,NA,NA,NA,NA,NA
Philippines,2018,1A4C1,Coal,NA,NA,NA,NA,NA
Philippines,2018,1A4C1,Natural gas,NA,NA,NA,NA,NA
Philippines,2018,1A4C1,Oil,NA,NA,NA,NA,NA
Philippines,2018,1A4C2,Coal,NA,NA,NA,NA,NA
Philippines,2018,1A4C2,Natural gas,NA,NA,NA,NA,NA
Philippines,2018,1A4C2,Oil,NA,NA,NA,NA,NA
Philippines,2018,1A4C3,Coal,NA,NA,NA,NA,NA
Philippines,2018,1A4C3,Natural gas,NA,NA,NA,NA,NA
Philippines,2018,1A4C3,Oil,NA,NA,NA,NA,NA
Philippines,2018,1A5,Coal,NA,NA,NA,NA,NA
Philippines,2018,1A5,Natural gas,NA,NA,NA,NA,NA
Philippines,2018,1A5,Oil,NA,NA,NA,NA,NA
Philippines,2018,1A5A,Coal,NA,NA,NA,NA,NA
Philippines,2018,1A5A,Natural gas,NA,NA,NA,NA,NA
Philippines,2018,1A5A,Oil,NA,NA,NA,NA,NA
Philippines,2018,1A5B,Coal,NA,NA,NA,NA,NA
Philippines,2018,1A5B,Natural gas,NA,NA,NA,NA,NA
Philippines,2018,1A5B,Oil,NA,NA,NA,NA,NA
Philippines,2018,1A5C,Coal,NA,NA,NA,NA,NA
Philippines,2018,1A5C,Natural gas,NA,NA,NA,NA,NA
Philippines,2018,1A5C,Oil,NA,NA,NA,NA,NA
Philippines,2018,1B,NA,NA,NA,NA,NA,NA
Philippines,2018,1B1,NA,NA,NA,NA,NA,NA
Philippines,2018,1B1A,NA,NA,NA,NA,NA,NA
Philippines,2018,1B1A1,NA,NA,NA,NA,NA,NA
Philippines,2018,1B1A11,NA,NA,NA,NA,NA,NA
Philippines,2018,1B1A12,NA,NA,NA,NA,NA,NA
Philippines,2018,1B1A13,NA,NA,NA,NA,NA,NA
Philippines,2018,1B1A14,NA,NA,NA,NA,NA,NA
Philippines,2018,1B1A2,NA,NA,NA,NA,NA,NA
Philippines,2018,1B1A21,NA,NA,NA,NA,NA,NA
Philippines,2018,1B1A22,NA,NA,NA,NA,NA,NA
Philippines,2018,1B1B,NA,NA,NA,NA,NA,NA
Philippines,2018,1B2,NA,NA,NA,NA,NA,NA
Philippines,2018,1B2A,NA,NA,NA,NA,NA,NA
Philippines,2018,1B2A1,NA,NA,NA,NA,NA,NA
Philippines,2018,1B2A2,NA,NA,NA,NA,NA,NA
Philippines,2018,1B2A3,NA,NA,NA,NA,NA,NA
Philippines,2018,1B2A31,NA,NA,NA,NA,NA,NA
Philippines,2018,1B2A32,NA,NA,NA,NA,NA,NA
Philippines,2018,1B2A33,NA,NA,NA,NA,NA,NA
Philippines,2018,1B2A34,NA,NA,NA,NA,NA,NA
Philippines,2018,1B2A35,NA,NA,NA,NA,NA,NA
Philippines,2018,1B2A36,NA,NA,NA,NA,NA,NA
Philippines,2018,1B2B,NA,NA,NA,NA,NA,NA
Philippines,2018,1B2B1,NA,NA,NA,NA,NA,NA
Philippines,2018,1B2B2,NA,NA,NA,NA,NA,NA
Philippines,2018,1B2B3,NA,NA,NA,NA,NA,NA
Philippines,2018,1B2B31,NA,NA,NA,NA,NA,NA
Philippines,2018,1B2B32,NA,NA,NA,NA,NA,NA
Philippines,2018,1B2B33,NA,NA,NA,NA,NA,NA
Philippines,2018,1B2B34,NA,NA,NA,NA,NA,NA
Philippines,2018,1B2B35,NA,NA,NA,NA,NA,NA
Philippines,2018,1B2B36,NA,NA,NA,NA,NA,NA
Philippines,2018,1B3,NA,NA,NA,NA,NA,NA
Philippines,2018,1C,NA,NA,NA,NA,NA,NA
Philippines,2018,1C1,NA,NA,NA,NA,NA,NA
Philippines,2018,1C1A,NA,NA,NA,NA,NA,NA
Philippines,2018,1C1B,NA,NA,NA,NA,NA,NA
Philippines,2018,1C1C,NA,NA,NA,NA,NA,NA
Philippines,2018,1C2,NA,NA,NA,NA,NA,NA
Philippines,2018,1C2A,NA,NA,NA,NA,NA,NA
Philippines,2018,1C2B,NA,NA,NA,NA,NA,NA
Philippines,2018,1C3,NA,NA,NA,NA,NA,NA
Philippines,2018,2A,NA,NA,NA,NA,NA,NA
Philippines,2018,2A1,NA,NA,NA,NA,NA,NA
Philippines,2018,2A2,NA,NA,NA,NA,NA,NA
Philippines,2018,2A3,NA,NA,NA,NA,NA,NA
Philippines,2018,2A4,NA,NA,NA,NA,NA,NA
Philippines,2018,2A4A,NA,NA,NA,NA,NA,NA
Philippines,2018,2A4B,NA,NA,NA,NA,NA,NA
Philippines,2018,2A4C,NA,NA,NA,NA,NA,NA
Philippines,2018,2A4D,NA,NA,NA,NA,NA,NA
Philippines,2018,2B,NA,NA,NA,NA,NA,NA
Philippines,2018,2B1,NA,NA,NA,NA,NA,NA
Philippines,2018,2B10,NA,NA,NA,NA,NA,NA
Philippines,2018,2B2,NA,NA,NA,NA,NA,NA
Philippines,2018,2B3,NA,NA,NA,NA,NA,NA
Philippines,2018,2B4,NA,NA,NA,NA,NA,NA
Philippines,2018,2B5,NA,NA,NA,NA,NA,NA
Philippines,2018,2B6,NA,NA,NA,NA,NA,NA
Philippines,2018,2B7,NA,NA,NA,NA,NA,NA
Philippines,2018,2B8,NA,NA,NA,NA,NA,NA
Philippines,2018,2B8A,NA,NA,NA,NA,NA,NA
Philippines,2018,2B8B,NA,NA,NA,NA,NA,NA
Philippines,2018,2B8C,NA,NA,NA,NA,NA,NA
Philippines,2018,2B8D,NA,NA,NA,NA,NA,NA
Philippines,2018,2B8E,NA,NA,NA,NA,NA,NA
Philippines,2018,2B8F,NA,NA,NA,NA,NA,NA
Philippines,2018,2B9,NA,NA,NA,NA,NA,NA
Philippines,2018,2B9A,NA,NA,NA,NA,NA,NA
Philippines,2018,2B9B,NA,NA,NA,NA,NA,NA
Philippines,2018,2C,NA,NA,NA,NA,NA,NA
Philippines,2018,2C1,NA,NA,NA,NA,NA,NA
Philippines,2018,2C2,NA,NA,NA,NA,NA,NA
Philippines,2018,2C3,NA,NA,NA,NA,NA,NA
Philippines,2018,2C4,NA,NA,NA,NA,NA,NA
Philippines,2018,2C5,NA,NA,NA,NA,NA,NA
Philippines,2018,2C6,NA,NA,NA,NA,NA,NA
Philippines,2018,2C7,NA,NA,NA,NA,NA,NA
Philippines,2018,2D,NA,NA,NA,NA,NA,NA
Philippines,2018,2D1,NA,NA,NA,NA,NA,NA
Philippines,2018,2D2,NA,NA,NA,NA,NA,NA
Philippines,2018,2D3,NA,NA,NA,NA,NA,NA
Philippines,2018,2D4,NA,NA,NA,NA,NA,NA
Philippines,2018,2E,NA,NA,NA,NA,NA,NA
Philippines,2018,2E1,NA,NA,NA,NA,NA,NA
Philippines,2018,2E2,NA,NA,NA,NA,NA,NA
Philippines,2018,2E3,NA,NA,NA,NA,NA,NA
Philippines,2018,2E4,NA,NA,NA,NA,NA,NA
Philippines,2018,2E5,NA,NA,NA,NA,NA,NA
Philippines,2018,2F,NA,NA,NA,NA,NA,NA
Philippines,2018,2F1,NA,NA,NA,NA,NA,NA
Philippines,2018,2F2,NA,NA,NA,NA,NA,NA
Philippines,2018,2F3,NA,NA,NA,NA,NA,NA
Philippines,2018,2F4,NA,NA,NA,NA,NA,NA
Philippines,2018,2F5,NA,NA,NA,NA,NA,NA
Philippines,2018,2F6,NA,NA,NA,NA,NA,NA
Philippines,2018,2G,NA,NA,NA,NA,NA,NA
Philippines,2018,2G1,NA,NA,NA,NA,NA,NA
Philippines,2018,2G2,NA,NA,NA,NA,NA,NA
Philippines,2018,2G3,NA,NA,NA,NA,NA,NA
Philippines,2018,2G4,NA,NA,NA,NA,NA,NA
Philippines,2018,2H,NA,NA,NA,NA,NA,NA
Philippines,2018,2H1,NA,NA,NA,NA,NA,NA
Philippines,2018,2H2,NA,NA,NA,NA,NA,NA
Philippines,2018,2H3,NA,NA,NA,NA,NA,NA
Philippines,2018,3A,NA,NA,NA,NA,NA,NA
Philippines,2018,3A1,NA,NA,NA,NA,NA,NA
Philippines,2018,3A2,NA,NA,NA,NA,NA,NA
Philippines,2018,3B,NA,NA,NA,NA,NA,NA
Philippines,2018,3B1,NA,NA,NA,NA,NA,NA
Philippines,2018,3B1A,NA,NA,NA,NA,NA,NA
Philippines,2018,3B1B,NA,NA,NA,NA,NA,NA
Philippines,2018,3B2,NA,NA,NA,NA,NA,NA
Philippines,2018,3B2A,NA,NA,NA,NA,NA,NA
Philippines,2018,3B2B,NA,NA,NA,NA,NA,NA
Philippines,2018,3B3,NA,NA,NA,NA,NA,NA
Philippines,2018,3B3A,NA,NA,NA,NA,NA,NA
Philippines,2018,3B3B,NA,NA,NA,NA,NA,NA
Philippines,2018,3B4,NA,NA,NA,NA,NA,NA
Philippines,2018,3B4A,NA,NA,NA,NA,NA,NA
Philippines,2018,3B4B,NA,NA,NA,NA,NA,NA
Philippines,2018,3B5,NA,NA,NA,NA,NA,NA
Philippines,2018,3B5A,NA,NA,NA,NA,NA,NA
Philippines,2018,3B5B,NA,NA,NA,NA,NA,NA
Philippines,2018,3B6,NA,NA,NA,NA,NA,NA
Philippines,2018,3B6A,NA,NA,NA,NA,NA,NA
Philippines,2018,3B6B,NA,NA,NA,NA,NA,NA
Philippines,2018,3B6B1,NA,NA,NA,NA,NA,NA
Philippines,2018,3B6B2,NA,NA,NA,NA,NA,NA
Philippines,2018,3B6B3,NA,NA,NA,NA,NA,NA
Philippines,2018,3B6B4,NA,NA,NA,NA,NA,NA
Philippines,2018,3B6B5,NA,NA,NA,NA,NA,NA
Philippines,2018,3C,NA,NA,NA,NA,NA,NA
Philippines,2018,3C1,NA,NA,NA,NA,NA,NA
Philippines,2018,3C2,NA,NA,NA,NA,NA,NA
Philippines,2018,3C3,NA,NA,NA,NA,NA,NA
Philippines,2018,3C4,NA,NA,NA,NA,NA,NA
Philippines,2018,3C5,NA,NA,NA,NA,NA,NA
Philippines,2018,3C6,NA,NA,NA,NA,NA,NA
Philippines,2018,3C7,NA,NA,NA,NA,NA,NA
Philippines,2018,3C8,NA,NA,NA,NA,NA,NA
Philippines,2018,3D,NA,NA,NA,NA,NA,NA
Philippines,2018,3D1,NA,NA,NA,NA,NA,NA
Philippines,2018,3D2,NA,NA,NA,NA,NA,NA
Philippines,2018,4A,NA,NA,NA,NA,NA,NA
Philippines,2018,4A1,NA,NA,NA,NA,NA,NA
Philippines,2018,4A2,NA,NA,NA,NA,NA,NA
Philippines,2018,4A3,NA,NA,NA,NA,NA,NA
Philippines,2018,4B,NA,NA,NA,NA,NA,NA
Philippines,2018,4C,NA,NA,NA,NA,NA,NA
Philippines,2018,4C1,NA,NA,NA,NA,NA,NA
Philippines,2018,4C2,NA,NA,NA,NA,NA,NA
Philippines,2018,4D,NA,NA,NA,NA,NA,NA
Philippines,2018,4D1,NA,NA,NA,NA,NA,NA
Philippines,2018,4D2,NA,NA,NA,NA,NA,NA
Philippines,2018,4E,NA,NA,NA,NA,NA,NA
Philippines,2018,5A,NA,NA,NA,NA,NA,NA
Philippines,2018,5A1,NA,NA,NA,NA,NA,NA
Philippines,2018,5A2,NA,NA,NA,NA,NA,NA
Philippines,2019,0,NA,NA,NA,NA,NA,NA
Philippines,2019,1,NA,NA,NA,NA,NA,NA
Philippines,2019,2,NA,NA,NA,NA,NA,NA
Philippines,2019,3,NA,NA,NA,NA,NA,NA
Philippines,2019,4,NA,NA,NA,NA,NA,NA
Philippines,2019,5,NA,NA,NA,NA,NA,NA
Philippines,2019,1A,Coal,NA,NA,NA,NA,NA
Philippines,2019,1A,Natural gas,NA,NA,NA,NA,NA
Philippines,2019,1A,Oil,NA,NA,NA,NA,NA
Philippines,2019,1A1,Coal,NA,NA,NA,NA,NA
Philippines,2019,1A1,Natural gas,NA,NA,NA,NA,NA
Philippines,2019,1A1,Oil,NA,NA,NA,NA,NA
Philippines,2019,1A1A,Coal,NA,NA,NA,NA,NA
Philippines,2019,1A1A,Natural gas,NA,NA,NA,NA,NA
Philippines,2019,1A1A,Oil,NA,NA,NA,NA,NA
Philippines,2019,1A1A1,Coal,NA,NA,NA,NA,NA
Philippines,2019,1A1A1,Natural gas,NA,NA,NA,NA,NA
Philippines,2019,1A1A1,Oil,NA,NA,NA,NA,NA
Philippines,2019,1A1A2,Coal,NA,NA,NA,NA,NA
Philippines,2019,1A1A2,Natural gas,NA,NA,NA,NA,NA
Philippines,2019,1A1A2,Oil,NA,NA,NA,NA,NA
Philippines,2019,1A1A3,Coal,NA,NA,NA,NA,NA
Philippines,2019,1A1A3,Natural gas,NA,NA,NA,NA,NA
Philippines,2019,1A1A3,Oil,NA,NA,NA,NA,NA
Philippines,2019,1A1B,Coal,NA,NA,NA,NA,NA
Philippines,2019,1A1B,Natural gas,NA,NA,NA,NA,NA
Philippines,2019,1A1B,Oil,NA,NA,NA,NA,NA
Philippines,2019,1A1C,Coal,NA,NA,NA,NA,NA
Philippines,2019,1A1C,Natural gas,NA,NA,NA,NA,NA
Philippines,2019,1A1C,Oil,NA,NA,NA,NA,NA
Philippines,2019,1A2,Coal,NA,NA,NA,NA,NA
Philippines,2019,1A2,Natural gas,NA,NA,NA,NA,NA
Philippines,2019,1A2,Oil,NA,NA,NA,NA,NA
Philippines,2019,1A2A,Coal,NA,NA,NA,NA,NA
Philippines,2019,1A2A,Natural gas,NA,NA,NA,NA,NA
Philippines,2019,1A2A,Oil,NA,NA,NA,NA,NA
Philippines,2019,1A2B,Coal,NA,NA,NA,NA,NA
Philippines,2019,1A2B,Natural gas,NA,NA,NA,NA,NA
Philippines,2019,1A2B,Oil,NA,NA,NA,NA,NA
Philippines,2019,1A2C,Coal,NA,NA,NA,NA,NA
Philippines,2019,1A2C,Natural gas,NA,NA,NA,NA,NA
Philippines,2019,1A2C,Oil,NA,NA,NA,NA,NA
Philippines,2019,1A2D,Coal,NA,NA,NA,NA,NA
Philippines,2019,1A2D,Natural gas,NA,NA,NA,NA,NA
Philippines,2019,1A2D,Oil,NA,NA,NA,NA,NA
Philippines,2019,1A2E,Coal,NA,NA,NA,NA,NA
Philippines,2019,1A2E,Natural gas,NA,NA,NA,NA,NA
Philippines,2019,1A2E,Oil,NA,NA,NA,NA,NA
Philippines,2019,1A2F,Coal,NA,NA,NA,NA,NA
Philippines,2019,1A2F,Natural gas,NA,NA,NA,NA,NA
Philippines,2019,1A2F,Oil,NA,NA,NA,NA,NA
Philippines,2019,1A2G,Coal,NA,NA,NA,NA,NA
Philippines,2019,1A2G,Natural gas,NA,NA,NA,NA,NA
Philippines,2019,1A2G,Oil,NA,NA,NA,NA,NA
Philippines,2019,1A2H,Coal,NA,NA,NA,NA,NA
Philippines,2019,1A2H,Natural gas,NA,NA,NA,NA,NA
Philippines,2019,1A2H,Oil,NA,NA,NA,NA,NA
Philippines,2019,1A2I,Coal,NA,NA,NA,NA,NA
Philippines,2019,1A2I,Natural gas,NA,NA,NA,NA,NA
Philippines,2019,1A2I,Oil,NA,NA,NA,NA,NA
Philippines,2019,1A2J,Coal,NA,NA,NA,NA,NA
Philippines,2019,1A2J,Natural gas,NA,NA,NA,NA,NA
Philippines,2019,1A2J,Oil,NA,NA,NA,NA,NA
Philippines,2019,1A2K,Coal,NA,NA,NA,NA,NA
Philippines,2019,1A2K,Natural gas,NA,NA,NA,NA,NA
Philippines,2019,1A2K,Oil,NA,NA,NA,NA,NA
Philippines,2019,1A2L,Coal,NA,NA,NA,NA,NA
Philippines,2019,1A2L,Natural gas,NA,NA,NA,NA,NA
Philippines,2019,1A2L,Oil,NA,NA,NA,NA,NA
Philippines,2019,1A2M,Coal,NA,NA,NA,NA,NA
Philippines,2019,1A2M,Natural gas,NA,NA,NA,NA,NA
Philippines,2019,1A2M,Oil,NA,NA,NA,NA,NA
Philippines,2019,1A3,Coal,NA,NA,NA,NA,NA
Philippines,2019,1A3,Natural gas,NA,NA,NA,NA,NA
Philippines,2019,1A3,Oil,NA,NA,NA,NA,NA
Philippines,2019,1A3A,Coal,NA,NA,NA,NA,NA
Philippines,2019,1A3A,Natural gas,NA,NA,NA,NA,NA
Philippines,2019,1A3A,Oil,NA,NA,NA,NA,NA
Philippines,2019,1A3A1,Coal,NA,NA,NA,NA,NA
Philippines,2019,1A3A1,Natural gas,NA,NA,NA,NA,NA
Philippines,2019,1A3A1,Oil,NA,NA,NA,NA,NA
Philippines,2019,1A3A2,Coal,NA,NA,NA,NA,NA
Philippines,2019,1A3A2,Natural gas,NA,NA,NA,NA,NA
Philippines,2019,1A3A2,Oil,NA,NA,NA,NA,NA
Philippines,2019,1A3B,Coal,NA,NA,NA,NA,NA
Philippines,2019,1A3B,Natural gas,NA,NA,NA,NA,NA
Philippines,2019,1A3B,Oil,NA,NA,NA,NA,NA
Philippines,2019,1A3C,Coal,NA,NA,NA,NA,NA
Philippines,2019,1A3C,Natural gas,NA,NA,NA,NA,NA
Philippines,2019,1A3C,Oil,NA,NA,NA,NA,NA
Philippines,2019,1A3D,Coal,NA,NA,NA,NA,NA
Philippines,2019,1A3D,Natural gas,NA,NA,NA,NA,NA
Philippines,2019,1A3D,Oil,NA,NA,NA,NA,NA
Philippines,2019,1A3D1,Coal,NA,NA,NA,NA,NA
Philippines,2019,1A3D1,Natural gas,NA,NA,NA,NA,NA
Philippines,2019,1A3D1,Oil,NA,NA,NA,NA,NA
Philippines,2019,1A3D2,Coal,NA,NA,NA,NA,NA
Philippines,2019,1A3D2,Natural gas,NA,NA,NA,NA,NA
Philippines,2019,1A3D2,Oil,NA,NA,NA,NA,NA
Philippines,2019,1A3E,Coal,NA,NA,NA,NA,NA
Philippines,2019,1A3E,Natural gas,NA,NA,NA,NA,NA
Philippines,2019,1A3E,Oil,NA,NA,NA,NA,NA
Philippines,2019,1A3E1,Coal,NA,NA,NA,NA,NA
Philippines,2019,1A3E1,Natural gas,NA,NA,NA,NA,NA
Philippines,2019,1A3E1,Oil,NA,NA,NA,NA,NA
Philippines,2019,1A4,Coal,NA,NA,NA,NA,NA
Philippines,2019,1A4,Natural gas,NA,NA,NA,NA,NA
Philippines,2019,1A4,Oil,NA,NA,NA,NA,NA
Philippines,2019,1A4A,Coal,NA,NA,NA,NA,NA
Philippines,2019,1A4A,Natural gas,NA,NA,NA,NA,NA
Philippines,2019,1A4A,Oil,NA,NA,NA,NA,NA
Philippines,2019,1A4B,Coal,NA,NA,NA,NA,NA
Philippines,2019,1A4B,Natural gas,NA,NA,NA,NA,NA
Philippines,2019,1A4B,Oil,NA,NA,NA,NA,NA
Philippines,2019,1A4C,Coal,NA,NA,NA,NA,NA
Philippines,2019,1A4C,Natural gas,NA,NA,NA,NA,NA
Philippines,2019,1A4C,Oil,NA,NA,NA,NA,NA
Philippines,2019,1A4C1,Coal,NA,NA,NA,NA,NA
Philippines,2019,1A4C1,Natural gas,NA,NA,NA,NA,NA
Philippines,2019,1A4C1,Oil,NA,NA,NA,NA,NA
Philippines,2019,1A4C2,Coal,NA,NA,NA,NA,NA
Philippines,2019,1A4C2,Natural gas,NA,NA,NA,NA,NA
Philippines,2019,1A4C2,Oil,NA,NA,NA,NA,NA
Philippines,2019,1A4C3,Coal,NA,NA,NA,NA,NA
Philippines,2019,1A4C3,Natural gas,NA,NA,NA,NA,NA
Philippines,2019,1A4C3,Oil,NA,NA,NA,NA,NA
Philippines,2019,1A5,Coal,NA,NA,NA,NA,NA
Philippines,2019,1A5,Natural gas,NA,NA,NA,NA,NA
Philippines,2019,1A5,Oil,NA,NA,NA,NA,NA
Philippines,2019,1A5A,Coal,NA,NA,NA,NA,NA
Philippines,2019,1A5A,Natural gas,NA,NA,NA,NA,NA
Philippines,2019,1A5A,Oil,NA,NA,NA,NA,NA
Philippines,2019,1A5B,Coal,NA,NA,NA,NA,NA
Philippines,2019,1A5B,Natural gas,NA,NA,NA,NA,NA
Philippines,2019,1A5B,Oil,NA,NA,NA,NA,NA
Philippines,2019,1A5C,Coal,NA,NA,NA,NA,NA
Philippines,2019,1A5C,Natural gas,NA,NA,NA,NA,NA
Philippines,2019,1A5C,Oil,NA,NA,NA,NA,NA
Philippines,2019,1B,NA,NA,NA,NA,NA,NA
Philippines,2019,1B1,NA,NA,NA,NA,NA,NA
Philippines,2019,1B1A,NA,NA,NA,NA,NA,NA
Philippines,2019,1B1A1,NA,NA,NA,NA,NA,NA
Philippines,2019,1B1A11,NA,NA,NA,NA,NA,NA
Philippines,2019,1B1A12,NA,NA,NA,NA,NA,NA
Philippines,2019,1B1A13,NA,NA,NA,NA,NA,NA
Philippines,2019,1B1A14,NA,NA,NA,NA,NA,NA
Philippines,2019,1B1A2,NA,NA,NA,NA,NA,NA
Philippines,2019,1B1A21,NA,NA,NA,NA,NA,NA
Philippines,2019,1B1A22,NA,NA,NA,NA,NA,NA
Philippines,2019,1B1B,NA,NA,NA,NA,NA,NA
Philippines,2019,1B2,NA,NA,NA,NA,NA,NA
Philippines,2019,1B2A,NA,NA,NA,NA,NA,NA
Philippines,2019,1B2A1,NA,NA,NA,NA,NA,NA
Philippines,2019,1B2A2,NA,NA,NA,NA,NA,NA
Philippines,2019,1B2A3,NA,NA,NA,NA,NA,NA
Philippines,2019,1B2A31,NA,NA,NA,NA,NA,NA
Philippines,2019,1B2A32,NA,NA,NA,NA,NA,NA
Philippines,2019,1B2A33,NA,NA,NA,NA,NA,NA
Philippines,2019,1B2A34,NA,NA,NA,NA,NA,NA
Philippines,2019,1B2A35,NA,NA,NA,NA,NA,NA
Philippines,2019,1B2A36,NA,NA,NA,NA,NA,NA
Philippines,2019,1B2B,NA,NA,NA,NA,NA,NA
Philippines,2019,1B2B1,NA,NA,NA,NA,NA,NA
Philippines,2019,1B2B2,NA,NA,NA,NA,NA,NA
Philippines,2019,1B2B3,NA,NA,NA,NA,NA,NA
Philippines,2019,1B2B31,NA,NA,NA,NA,NA,NA
Philippines,2019,1B2B32,NA,NA,NA,NA,NA,NA
Philippines,2019,1B2B33,NA,NA,NA,NA,NA,NA
Philippines,2019,1B2B34,NA,NA,NA,NA,NA,NA
Philippines,2019,1B2B35,NA,NA,NA,NA,NA,NA
Philippines,2019,1B2B36,NA,NA,NA,NA,NA,NA
Philippines,2019,1B3,NA,NA,NA,NA,NA,NA
Philippines,2019,1C,NA,NA,NA,NA,NA,NA
Philippines,2019,1C1,NA,NA,NA,NA,NA,NA
Philippines,2019,1C1A,NA,NA,NA,NA,NA,NA
Philippines,2019,1C1B,NA,NA,NA,NA,NA,NA
Philippines,2019,1C1C,NA,NA,NA,NA,NA,NA
Philippines,2019,1C2,NA,NA,NA,NA,NA,NA
Philippines,2019,1C2A,NA,NA,NA,NA,NA,NA
Philippines,2019,1C2B,NA,NA,NA,NA,NA,NA
Philippines,2019,1C3,NA,NA,NA,NA,NA,NA
Philippines,2019,2A,NA,NA,NA,NA,NA,NA
Philippines,2019,2A1,NA,NA,NA,NA,NA,NA
Philippines,2019,2A2,NA,NA,NA,NA,NA,NA
Philippines,2019,2A3,NA,NA,NA,NA,NA,NA
Philippines,2019,2A4,NA,NA,NA,NA,NA,NA
Philippines,2019,2A4A,NA,NA,NA,NA,NA,NA
Philippines,2019,2A4B,NA,NA,NA,NA,NA,NA
Philippines,2019,2A4C,NA,NA,NA,NA,NA,NA
Philippines,2019,2A4D,NA,NA,NA,NA,NA,NA
Philippines,2019,2B,NA,NA,NA,NA,NA,NA
Philippines,2019,2B1,NA,NA,NA,NA,NA,NA
Philippines,2019,2B10,NA,NA,NA,NA,NA,NA
Philippines,2019,2B2,NA,NA,NA,NA,NA,NA
Philippines,2019,2B3,NA,NA,NA,NA,NA,NA
Philippines,2019,2B4,NA,NA,NA,NA,NA,NA
Philippines,2019,2B5,NA,NA,NA,NA,NA,NA
Philippines,2019,2B6,NA,NA,NA,NA,NA,NA
Philippines,2019,2B7,NA,NA,NA,NA,NA,NA
Philippines,2019,2B8,NA,NA,NA,NA,NA,NA
Philippines,2019,2B8A,NA,NA,NA,NA,NA,NA
Philippines,2019,2B8B,NA,NA,NA,NA,NA,NA
Philippines,2019,2B8C,NA,NA,NA,NA,NA,NA
Philippines,2019,2B8D,NA,NA,NA,NA,NA,NA
Philippines,2019,2B8E,NA,NA,NA,NA,NA,NA
Philippines,2019,2B8F,NA,NA,NA,NA,NA,NA
Philippines,2019,2B9,NA,NA,NA,NA,NA,NA
Philippines,2019,2B9A,NA,NA,NA,NA,NA,NA
Philippines,2019,2B9B,NA,NA,NA,NA,NA,NA
Philippines,2019,2C,NA,NA,NA,NA,NA,NA
Philippines,2019,2C1,NA,NA,NA,NA,NA,NA
Philippines,2019,2C2,NA,NA,NA,NA,NA,NA
Philippines,2019,2C3,NA,NA,NA,NA,NA,NA
Philippines,2019,2C4,NA,NA,NA,NA,NA,NA
Philippines,2019,2C5,NA,NA,NA,NA,NA,NA
Philippines,2019,2C6,NA,NA,NA,NA,NA,NA
Philippines,2019,2C7,NA,NA,NA,NA,NA,NA
Philippines,2019,2D,NA,NA,NA,NA,NA,NA
Philippines,2019,2D1,NA,NA,NA,NA,NA,NA
Philippines,2019,2D2,NA,NA,NA,NA,NA,NA
Philippines,2019,2D3,NA,NA,NA,NA,NA,NA
Philippines,2019,2D4,NA,NA,NA,NA,NA,NA
Philippines,2019,2E,NA,NA,NA,NA,NA,NA
Philippines,2019,2E1,NA,NA,NA,NA,NA,NA
Philippines,2019,2E2,NA,NA,NA,NA,NA,NA
Philippines,2019,2E3,NA,NA,NA,NA,NA,NA
Philippines,2019,2E4,NA,NA,NA,NA,NA,NA
Philippines,2019,2E5,NA,NA,NA,NA,NA,NA
Philippines,2019,2F,NA,NA,NA,NA,NA,NA
Philippines,2019,2F1,NA,NA,NA,NA,NA,NA
Philippines,2019,2F2,NA,NA,NA,NA,NA,NA
Philippines,2019,2F3,NA,NA,NA,NA,NA,NA
Philippines,2019,2F4,NA,NA,NA,NA,NA,NA
Philippines,2019,2F5,NA,NA,NA,NA,NA,NA
Philippines,2019,2F6,NA,NA,NA,NA,NA,NA
Philippines,2019,2G,NA,NA,NA,NA,NA,NA
Philippines,2019,2G1,NA,NA,NA,NA,NA,NA
Philippines,2019,2G2,NA,NA,NA,NA,NA,NA
Philippines,2019,2G3,NA,NA,NA,NA,NA,NA
Philippines,2019,2G4,NA,NA,NA,NA,NA,NA
Philippines,2019,2H,NA,NA,NA,NA,NA,NA
Philippines,2019,2H1,NA,NA,NA,NA,NA,NA
Philippines,2019,2H2,NA,NA,NA,NA,NA,NA
Philippines,2019,2H3,NA,NA,NA,NA,NA,NA
Philippines,2019,3A,NA,NA,NA,NA,NA,NA
Philippines,2019,3A1,NA,NA,NA,NA,NA,NA
Philippines,2019,3A2,NA,NA,NA,NA,NA,NA
Philippines,2019,3B,NA,NA,NA,NA,NA,NA
Philippines,2019,3B1,NA,NA,NA,NA,NA,NA
Philippines,2019,3B1A,NA,NA,NA,NA,NA,NA
Philippines,2019,3B1B,NA,NA,NA,NA,NA,NA
Philippines,2019,3B2,NA,NA,NA,NA,NA,NA
Philippines,2019,3B2A,NA,NA,NA,NA,NA,NA
Philippines,2019,3B2B,NA,NA,NA,NA,NA,NA
Philippines,2019,3B3,NA,NA,NA,NA,NA,NA
Philippines,2019,3B3A,NA,NA,NA,NA,NA,NA
Philippines,2019,3B3B,NA,NA,NA,NA,NA,NA
Philippines,2019,3B4,NA,NA,NA,NA,NA,NA
Philippines,2019,3B4A,NA,NA,NA,NA,NA,NA
Philippines,2019,3B4B,NA,NA,NA,NA,NA,NA
Philippines,2019,3B5,NA,NA,NA,NA,NA,NA
Philippines,2019,3B5A,NA,NA,NA,NA,NA,NA
Philippines,2019,3B5B,NA,NA,NA,NA,NA,NA
Philippines,2019,3B6,NA,NA,NA,NA,NA,NA
Philippines,2019,3B6A,NA,NA,NA,NA,NA,NA
Philippines,2019,3B6B,NA,NA,NA,NA,NA,NA
Philippines,2019,3B6B1,NA,NA,NA,NA,NA,NA
Philippines,2019,3B6B2,NA,NA,NA,NA,NA,NA
Philippines,2019,3B6B3,NA,NA,NA,NA,NA,NA
Philippines,2019,3B6B4,NA,NA,NA,NA,NA,NA
Philippines,2019,3B6B5,NA,NA,NA,NA,NA,NA
Philippines,2019,3C,NA,NA,NA,NA,NA,NA
Philippines,2019,3C1,NA,NA,NA,NA,NA,NA
Philippines,2019,3C2,NA,NA,NA,NA,NA,NA
Philippines,2019,3C3,NA,NA,NA,NA,NA,NA
Philippines,2019,3C4,NA,NA,NA,NA,NA,NA
Philippines,2019,3C5,NA,NA,NA,NA,NA,NA
Philippines,2019,3C6,NA,NA,NA,NA,NA,NA
Philippines,2019,3C7,NA,NA,NA,NA,NA,NA
Philippines,2019,3C8,NA,NA,NA,NA,NA,NA
Philippines,2019,3D,NA,NA,NA,NA,NA,NA
Philippines,2019,3D1,NA,NA,NA,NA,NA,NA
Philippines,2019,3D2,NA,NA,NA,NA,NA,NA
Philippines,2019,4A,NA,NA,NA,NA,NA,NA
Philippines,2019,4A1,NA,NA,NA,NA,NA,NA
Philippines,2019,4A2,NA,NA,NA,NA,NA,NA
Philippines,2019,4A3,NA,NA,NA,NA,NA,NA
Philippines,2019,4B,NA,NA,NA,NA,NA,NA
Philippines,2019,4C,NA,NA,NA,NA,NA,NA
Philippines,2019,4C1,NA,NA,NA,NA,NA,NA
Philippines,2019,4C2,NA,NA,NA,NA,NA,NA
Philippines,2019,4D,NA,NA,NA,NA,NA,NA
Philippines,2019,4D1,NA,NA,NA,NA,NA,NA
Philippines,2019,4D2,NA,NA,NA,NA,NA,NA
Philippines,2019,4E,NA,NA,NA,NA,NA,NA
Philippines,2019,5A,NA,NA,NA,NA,NA,NA
Philippines,2019,5A1,NA,NA,NA,NA,NA,NA
Philippines,2019,5A2,NA,NA,NA,NA,NA,NA
Philippines,2020,0,NA,NA,NA,NA,NA,NA
Philippines,2020,1,NA,NA,NA,NA,NA,NA
Philippines,2020,2,NA,NA,NA,NA,NA,NA
Philippines,2020,3,NA,NA,NA,NA,NA,NA
Philippines,2020,4,NA,NA,NA,NA,NA,NA
Philippines,2020,5,NA,NA,NA,NA,NA,NA
Philippines,2020,1A,Coal,NA,NA,NA,NA,NA
Philippines,2020,1A,Natural gas,NA,NA,NA,NA,NA
Philippines,2020,1A,Oil,NA,NA,NA,NA,NA
Philippines,2020,1A1,Coal,NA,NA,NA,NA,NA
Philippines,2020,1A1,Natural gas,NA,NA,NA,NA,NA
Philippines,2020,1A1,Oil,NA,NA,NA,NA,NA
Philippines,2020,1A1A,Coal,NA,NA,NA,NA,NA
Philippines,2020,1A1A,Natural gas,NA,NA,NA,NA,NA
Philippines,2020,1A1A,Oil,NA,NA,NA,NA,NA
Philippines,2020,1A1A1,Coal,NA,NA,NA,NA,NA
Philippines,2020,1A1A1,Natural gas,NA,NA,NA,NA,NA
Philippines,2020,1A1A1,Oil,NA,NA,NA,NA,NA
Philippines,2020,1A1A2,Coal,NA,NA,NA,NA,NA
Philippines,2020,1A1A2,Natural gas,NA,NA,NA,NA,NA
Philippines,2020,1A1A2,Oil,NA,NA,NA,NA,NA
Philippines,2020,1A1A3,Coal,NA,NA,NA,NA,NA
Philippines,2020,1A1A3,Natural gas,NA,NA,NA,NA,NA
Philippines,2020,1A1A3,Oil,NA,NA,NA,NA,NA
Philippines,2020,1A1B,Coal,NA,NA,NA,NA,NA
Philippines,2020,1A1B,Natural gas,NA,NA,NA,NA,NA
Philippines,2020,1A1B,Oil,NA,NA,NA,NA,NA
Philippines,2020,1A1C,Coal,NA,NA,NA,NA,NA
Philippines,2020,1A1C,Natural gas,NA,NA,NA,NA,NA
Philippines,2020,1A1C,Oil,NA,NA,NA,NA,NA
Philippines,2020,1A2,Coal,NA,NA,NA,NA,NA
Philippines,2020,1A2,Natural gas,NA,NA,NA,NA,NA
Philippines,2020,1A2,Oil,NA,NA,NA,NA,NA
Philippines,2020,1A2A,Coal,NA,NA,NA,NA,NA
Philippines,2020,1A2A,Natural gas,NA,NA,NA,NA,NA
Philippines,2020,1A2A,Oil,NA,NA,NA,NA,NA
Philippines,2020,1A2B,Coal,NA,NA,NA,NA,NA
Philippines,2020,1A2B,Natural gas,NA,NA,NA,NA,NA
Philippines,2020,1A2B,Oil,NA,NA,NA,NA,NA
Philippines,2020,1A2C,Coal,NA,NA,NA,NA,NA
Philippines,2020,1A2C,Natural gas,NA,NA,NA,NA,NA
Philippines,2020,1A2C,Oil,NA,NA,NA,NA,NA
Philippines,2020,1A2D,Coal,NA,NA,NA,NA,NA
Philippines,2020,1A2D,Natural gas,NA,NA,NA,NA,NA
Philippines,2020,1A2D,Oil,NA,NA,NA,NA,NA
Philippines,2020,1A2E,Coal,NA,NA,NA,NA,NA
Philippines,2020,1A2E,Natural gas,NA,NA,NA,NA,NA
Philippines,2020,1A2E,Oil,NA,NA,NA,NA,NA
Philippines,2020,1A2F,Coal,NA,NA,NA,NA,NA
Philippines,2020,1A2F,Natural gas,NA,NA,NA,NA,NA
Philippines,2020,1A2F,Oil,NA,NA,NA,NA,NA
Philippines,2020,1A2G,Coal,NA,NA,NA,NA,NA
Philippines,2020,1A2G,Natural gas,NA,NA,NA,NA,NA
Philippines,2020,1A2G,Oil,NA,NA,NA,NA,NA
Philippines,2020,1A2H,Coal,NA,NA,NA,NA,NA
Philippines,2020,1A2H,Natural gas,NA,NA,NA,NA,NA
Philippines,2020,1A2H,Oil,NA,NA,NA,NA,NA
Philippines,2020,1A2I,Coal,NA,NA,NA,NA,NA
Philippines,2020,1A2I,Natural gas,NA,NA,NA,NA,NA
Philippines,2020,1A2I,Oil,NA,NA,NA,NA,NA
Philippines,2020,1A2J,Coal,NA,NA,NA,NA,NA
Philippines,2020,1A2J,Natural gas,NA,NA,NA,NA,NA
Philippines,2020,1A2J,Oil,NA,NA,NA,NA,NA
Philippines,2020,1A2K,Coal,NA,NA,NA,NA,NA
Philippines,2020,1A2K,Natural gas,NA,NA,NA,NA,NA
Philippines,2020,1A2K,Oil,NA,NA,NA,NA,NA
Philippines,2020,1A2L,Coal,NA,NA,NA,NA,NA
Philippines,2020,1A2L,Natural gas,NA,NA,NA,NA,NA
Philippines,2020,1A2L,Oil,NA,NA,NA,NA,NA
Philippines,2020,1A2M,Coal,NA,NA,NA,NA,NA
Philippines,2020,1A2M,Natural gas,NA,NA,NA,NA,NA
Philippines,2020,1A2M,Oil,NA,NA,NA,NA,NA
Philippines,2020,1A3,Coal,NA,NA,NA,NA,NA
Philippines,2020,1A3,Natural gas,NA,NA,NA,NA,NA
Philippines,2020,1A3,Oil,NA,NA,NA,NA,NA
Philippines,2020,1A3A,Coal,NA,NA,NA,NA,NA
Philippines,2020,1A3A,Natural gas,NA,NA,NA,NA,NA
Philippines,2020,1A3A,Oil,NA,NA,NA,NA,NA
Philippines,2020,1A3A1,Coal,NA,NA,NA,NA,NA
Philippines,2020,1A3A1,Natural gas,NA,NA,NA,NA,NA
Philippines,2020,1A3A1,Oil,NA,NA,NA,NA,NA
Philippines,2020,1A3A2,Coal,NA,NA,NA,NA,NA
Philippines,2020,1A3A2,Natural gas,NA,NA,NA,NA,NA
Philippines,2020,1A3A2,Oil,NA,NA,NA,NA,NA
Philippines,2020,1A3B,Coal,NA,NA,NA,NA,NA
Philippines,2020,1A3B,Natural gas,NA,NA,NA,NA,NA
Philippines,2020,1A3B,Oil,NA,NA,NA,NA,NA
Philippines,2020,1A3C,Coal,NA,NA,NA,NA,NA
Philippines,2020,1A3C,Natural gas,NA,NA,NA,NA,NA
Philippines,2020,1A3C,Oil,NA,NA,NA,NA,NA
Philippines,2020,1A3D,Coal,NA,NA,NA,NA,NA
Philippines,2020,1A3D,Natural gas,NA,NA,NA,NA,NA
Philippines,2020,1A3D,Oil,NA,NA,NA,NA,NA
Philippines,2020,1A3D1,Coal,NA,NA,NA,NA,NA
Philippines,2020,1A3D1,Natural gas,NA,NA,NA,NA,NA
Philippines,2020,1A3D1,Oil,NA,NA,NA,NA,NA
Philippines,2020,1A3D2,Coal,NA,NA,NA,NA,NA
Philippines,2020,1A3D2,Natural gas,NA,NA,NA,NA,NA
Philippines,2020,1A3D2,Oil,NA,NA,NA,NA,NA
Philippines,2020,1A3E,Coal,NA,NA,NA,NA,NA
Philippines,2020,1A3E,Natural gas,NA,NA,NA,NA,NA
Philippines,2020,1A3E,Oil,NA,NA,NA,NA,NA
Philippines,2020,1A3E1,Coal,NA,NA,NA,NA,NA
Philippines,2020,1A3E1,Natural gas,NA,NA,NA,NA,NA
Philippines,2020,1A3E1,Oil,NA,NA,NA,NA,NA
Philippines,2020,1A4,Coal,NA,NA,NA,NA,NA
Philippines,2020,1A4,Natural gas,NA,NA,NA,NA,NA
Philippines,2020,1A4,Oil,NA,NA,NA,NA,NA
Philippines,2020,1A4A,Coal,NA,NA,NA,NA,NA
Philippines,2020,1A4A,Natural gas,NA,NA,NA,NA,NA
Philippines,2020,1A4A,Oil,NA,NA,NA,NA,NA
Philippines,2020,1A4B,Coal,NA,NA,NA,NA,NA
Philippines,2020,1A4B,Natural gas,NA,NA,NA,NA,NA
Philippines,2020,1A4B,Oil,NA,NA,NA,NA,NA
Philippines,2020,1A4C,Coal,NA,NA,NA,NA,NA
Philippines,2020,1A4C,Natural gas,NA,NA,NA,NA,NA
Philippines,2020,1A4C,Oil,NA,NA,NA,NA,NA
Philippines,2020,1A4C1,Coal,NA,NA,NA,NA,NA
Philippines,2020,1A4C1,Natural gas,NA,NA,NA,NA,NA
Philippines,2020,1A4C1,Oil,NA,NA,NA,NA,NA
Philippines,2020,1A4C2,Coal,NA,NA,NA,NA,NA
Philippines,2020,1A4C2,Natural gas,NA,NA,NA,NA,NA
Philippines,2020,1A4C2,Oil,NA,NA,NA,NA,NA
Philippines,2020,1A4C3,Coal,NA,NA,NA,NA,NA
Philippines,2020,1A4C3,Natural gas,NA,NA,NA,NA,NA
Philippines,2020,1A4C3,Oil,NA,NA,NA,NA,NA
Philippines,2020,1A5,Coal,NA,NA,NA,NA,NA
Philippines,2020,1A5,Natural gas,NA,NA,NA,NA,NA
Philippines,2020,1A5,Oil,NA,NA,NA,NA,NA
Philippines,2020,1A5A,Coal,NA,NA,NA,NA,NA
Philippines,2020,1A5A,Natural gas,NA,NA,NA,NA,NA
Philippines,2020,1A5A,Oil,NA,NA,NA,NA,NA
Philippines,2020,1A5B,Coal,NA,NA,NA,NA,NA
Philippines,2020,1A5B,Natural gas,NA,NA,NA,NA,NA
Philippines,2020,1A5B,Oil,NA,NA,NA,NA,NA
Philippines,2020,1A5C,Coal,NA,NA,NA,NA,NA
Philippines,2020,1A5C,Natural gas,NA,NA,NA,NA,NA
Philippines,2020,1A5C,Oil,NA,NA,NA,NA,NA
Philippines,2020,1B,NA,NA,NA,NA,NA,NA
Philippines,2020,1B1,NA,NA,NA,NA,NA,NA
Philippines,2020,1B1A,NA,NA,NA,NA,NA,NA
Philippines,2020,1B1A1,NA,NA,NA,NA,NA,NA
Philippines,2020,1B1A11,NA,NA,NA,NA,NA,NA
Philippines,2020,1B1A12,NA,NA,NA,NA,NA,NA
Philippines,2020,1B1A13,NA,NA,NA,NA,NA,NA
Philippines,2020,1B1A14,NA,NA,NA,NA,NA,NA
Philippines,2020,1B1A2,NA,NA,NA,NA,NA,NA
Philippines,2020,1B1A21,NA,NA,NA,NA,NA,NA
Philippines,2020,1B1A22,NA,NA,NA,NA,NA,NA
Philippines,2020,1B1B,NA,NA,NA,NA,NA,NA
Philippines,2020,1B2,NA,NA,NA,NA,NA,NA
Philippines,2020,1B2A,NA,NA,NA,NA,NA,NA
Philippines,2020,1B2A1,NA,NA,NA,NA,NA,NA
Philippines,2020,1B2A2,NA,NA,NA,NA,NA,NA
Philippines,2020,1B2A3,NA,NA,NA,NA,NA,NA
Philippines,2020,1B2A31,NA,NA,NA,NA,NA,NA
Philippines,2020,1B2A32,NA,NA,NA,NA,NA,NA
Philippines,2020,1B2A33,NA,NA,NA,NA,NA,NA
Philippines,2020,1B2A34,NA,NA,NA,NA,NA,NA
Philippines,2020,1B2A35,NA,NA,NA,NA,NA,NA
Philippines,2020,1B2A36,NA,NA,NA,NA,NA,NA
Philippines,2020,1B2B,NA,NA,NA,NA,NA,NA
Philippines,2020,1B2B1,NA,NA,NA,NA,NA,NA
Philippines,2020,1B2B2,NA,NA,NA,NA,NA,NA
Philippines,2020,1B2B3,NA,NA,NA,NA,NA,NA
Philippines,2020,1B2B31,NA,NA,NA,NA,NA,NA
Philippines,2020,1B2B32,NA,NA,NA,NA,NA,NA
Philippines,2020,1B2B33,NA,NA,NA,NA,NA,NA
Philippines,2020,1B2B34,NA,NA,NA,NA,NA,NA
Philippines,2020,1B2B35,NA,NA,NA,NA,NA,NA
Philippines,2020,1B2B36,NA,NA,NA,NA,NA,NA
Philippines,2020,1B3,NA,NA,NA,NA,NA,NA
Philippines,2020,1C,NA,NA,NA,NA,NA,NA
Philippines,2020,1C1,NA,NA,NA,NA,NA,NA
Philippines,2020,1C1A,NA,NA,NA,NA,NA,NA
Philippines,2020,1C1B,NA,NA,NA,NA,NA,NA
Philippines,2020,1C1C,NA,NA,NA,NA,NA,NA
Philippines,2020,1C2,NA,NA,NA,NA,NA,NA
Philippines,2020,1C2A,NA,NA,NA,NA,NA,NA
Philippines,2020,1C2B,NA,NA,NA,NA,NA,NA
Philippines,2020,1C3,NA,NA,NA,NA,NA,NA
Philippines,2020,2A,NA,NA,NA,NA,NA,NA
Philippines,2020,2A1,NA,NA,NA,NA,NA,NA
Philippines,2020,2A2,NA,NA,NA,NA,NA,NA
Philippines,2020,2A3,NA,NA,NA,NA,NA,NA
Philippines,2020,2A4,NA,NA,NA,NA,NA,NA
Philippines,2020,2A4A,NA,NA,NA,NA,NA,NA
Philippines,2020,2A4B,NA,NA,NA,NA,NA,NA
Philippines,2020,2A4C,NA,NA,NA,NA,NA,NA
Philippines,2020,2A4D,NA,NA,NA,NA,NA,NA
Philippines,2020,2B,NA,NA,NA,NA,NA,NA
Philippines,2020,2B1,NA,NA,NA,NA,NA,NA
Philippines,2020,2B10,NA,NA,NA,NA,NA,NA
Philippines,2020,2B2,NA,NA,NA,NA,NA,NA
Philippines,2020,2B3,NA,NA,NA,NA,NA,NA
Philippines,2020,2B4,NA,NA,NA,NA,NA,NA
Philippines,2020,2B5,NA,NA,NA,NA,NA,NA
Philippines,2020,2B6,NA,NA,NA,NA,NA,NA
Philippines,2020,2B7,NA,NA,NA,NA,NA,NA
Philippines,2020,2B8,NA,NA,NA,NA,NA,NA
Philippines,2020,2B8A,NA,NA,NA,NA,NA,NA
Philippines,2020,2B8B,NA,NA,NA,NA,NA,NA
Philippines,2020,2B8C,NA,NA,NA,NA,NA,NA
Philippines,2020,2B8D,NA,NA,NA,NA,NA,NA
Philippines,2020,2B8E,NA,NA,NA,NA,NA,NA
Philippines,2020,2B8F,NA,NA,NA,NA,NA,NA
Philippines,2020,2B9,NA,NA,NA,NA,NA,NA
Philippines,2020,2B9A,NA,NA,NA,NA,NA,NA
Philippines,2020,2B9B,NA,NA,NA,NA,NA,NA
Philippines,2020,2C,NA,NA,NA,NA,NA,NA
Philippines,2020,2C1,NA,NA,NA,NA,NA,NA
Philippines,2020,2C2,NA,NA,NA,NA,NA,NA
Philippines,2020,2C3,NA,NA,NA,NA,NA,NA
Philippines,2020,2C4,NA,NA,NA,NA,NA,NA
Philippines,2020,2C5,NA,NA,NA,NA,NA,NA
Philippines,2020,2C6,NA,NA,NA,NA,NA,NA
Philippines,2020,2C7,NA,NA,NA,NA,NA,NA
Philippines,2020,2D,NA,NA,NA,NA,NA,NA
Philippines,2020,2D1,NA,NA,NA,NA,NA,NA
Philippines,2020,2D2,NA,NA,NA,NA,NA,NA
Philippines,2020,2D3,NA,NA,NA,NA,NA,NA
Philippines,2020,2D4,NA,NA,NA,NA,NA,NA
Philippines,2020,2E,NA,NA,NA,NA,NA,NA
Philippines,2020,2E1,NA,NA,NA,NA,NA,NA
Philippines,2020,2E2,NA,NA,NA,NA,NA,NA
Philippines,2020,2E3,NA,NA,NA,NA,NA,NA
Philippines,2020,2E4,NA,NA,NA,NA,NA,NA
Philippines,2020,2E5,NA,NA,NA,NA,NA,NA
Philippines,2020,2F,NA,NA,NA,NA,NA,NA
Philippines,2020,2F1,NA,NA,NA,NA,NA,NA
Philippines,2020,2F2,NA,NA,NA,NA,NA,NA
Philippines,2020,2F3,NA,NA,NA,NA,NA,NA
Philippines,2020,2F4,NA,NA,NA,NA,NA,NA
Philippines,2020,2F5,NA,NA,NA,NA,NA,NA
Philippines,2020,2F6,NA,NA,NA,NA,NA,NA
Philippines,2020,2G,NA,NA,NA,NA,NA,NA
Philippines,2020,2G1,NA,NA,NA,NA,NA,NA
Philippines,2020,2G2,NA,NA,NA,NA,NA,NA
Philippines,2020,2G3,NA,NA,NA,NA,NA,NA
Philippines,2020,2G4,NA,NA,NA,NA,NA,NA
Philippines,2020,2H,NA,NA,NA,NA,NA,NA
Philippines,2020,2H1,NA,NA,NA,NA,NA,NA
Philippines,2020,2H2,NA,NA,NA,NA,NA,NA
Philippines,2020,2H3,NA,NA,NA,NA,NA,NA
Philippines,2020,3A,NA,NA,NA,NA,NA,NA
Philippines,2020,3A1,NA,NA,NA,NA,NA,NA
Philippines,2020,3A2,NA,NA,NA,NA,NA,NA
Philippines,2020,3B,NA,NA,NA,NA,NA,NA
Philippines,2020,3B1,NA,NA,NA,NA,NA,NA
Philippines,2020,3B1A,NA,NA,NA,NA,NA,NA
Philippines,2020,3B1B,NA,NA,NA,NA,NA,NA
Philippines,2020,3B2,NA,NA,NA,NA,NA,NA
Philippines,2020,3B2A,NA,NA,NA,NA,NA,NA
Philippines,2020,3B2B,NA,NA,NA,NA,NA,NA
Philippines,2020,3B3,NA,NA,NA,NA,NA,NA
Philippines,2020,3B3A,NA,NA,NA,NA,NA,NA
Philippines,2020,3B3B,NA,NA,NA,NA,NA,NA
Philippines,2020,3B4,NA,NA,NA,NA,NA,NA
Philippines,2020,3B4A,NA,NA,NA,NA,NA,NA
Philippines,2020,3B4B,NA,NA,NA,NA,NA,NA
Philippines,2020,3B5,NA,NA,NA,NA,NA,NA
Philippines,2020,3B5A,NA,NA,NA,NA,NA,NA
Philippines,2020,3B5B,NA,NA,NA,NA,NA,NA
Philippines,2020,3B6,NA,NA,NA,NA,NA,NA
Philippines,2020,3B6A,NA,NA,NA,NA,NA,NA
Philippines,2020,3B6B,NA,NA,NA,NA,NA,NA
Philippines,2020,3B6B1,NA,NA,NA,NA,NA,NA
Philippines,2020,3B6B2,NA,NA,NA,NA,NA,NA
Philippines,2020,3B6B3,NA,NA,NA,NA,NA,NA
Philippines,2020,3B6B4,NA,NA,NA,NA,NA,NA
Philippines,2020,3B6B5,NA,NA,NA,NA,NA,NA
Philippines,2020,3C,NA,NA,NA,NA,NA,NA
Philippines,2020,3C1,NA,NA,NA,NA,NA,NA
Philippines,2020,3C2,NA,NA,NA,NA,NA,NA
Philippines,2020,3C3,NA,NA,NA,NA,NA,NA
Philippines,2020,3C4,NA,NA,NA,NA,NA,NA
Philippines,2020,3C5,NA,NA,NA,NA,NA,NA
Philippines,2020,3C6,NA,NA,NA,NA,NA,NA
Philippines,2020,3C7,NA,NA,NA,NA,NA,NA
Philippines,2020,3C8,NA,NA,NA,NA,NA,NA
Philippines,2020,3D,NA,NA,NA,NA,NA,NA
Philippines,2020,3D1,NA,NA,NA,NA,NA,NA
Philippines,2020,3D2,NA,NA,NA,NA,NA,NA
Philippines,2020,4A,NA,NA,NA,NA,NA,NA
Philippines,2020,4A1,NA,NA,NA,NA,NA,NA
Philippines,2020,4A2,NA,NA,NA,NA,NA,NA
Philippines,2020,4A3,NA,NA,NA,NA,NA,NA
Philippines,2020,4B,NA,NA,NA,NA,NA,NA
Philippines,2020,4C,NA,NA,NA,NA,NA,NA
Philippines,2020,4C1,NA,NA,NA,NA,NA,NA
Philippines,2020,4C2,NA,NA,NA,NA,NA,NA
Philippines,2020,4D,NA,NA,NA,NA,NA,NA
Philippines,2020,4D1,NA,NA,NA,NA,NA,NA
Philippines,2020,4D2,NA,NA,NA,NA,NA,NA
Philippines,2020,4E,NA,NA,NA,NA,NA,NA
Philippines,2020,5A,NA,NA,NA,NA,NA,NA
Philippines,2020,5A1,NA,NA,NA,NA,NA,NA
Philippines,2020,5A2,NA,NA,NA,NA,NA,NA
Philippines,2021,0,NA,NA,NA,NA,NA,NA
Philippines,2021,1,NA,NA,NA,NA,NA,NA
Philippines,2021,2,NA,NA,NA,NA,NA,NA
Philippines,2021,3,NA,NA,NA,NA,NA,NA
Philippines,2021,4,NA,NA,NA,NA,NA,NA
Philippines,2021,5,NA,NA,NA,NA,NA,NA
Philippines,2021,1A,Coal,NA,NA,NA,NA,NA
Philippines,2021,1A,Natural gas,NA,NA,NA,NA,NA
Philippines,2021,1A,Oil,NA,NA,NA,NA,NA
Philippines,2021,1A1,Coal,NA,NA,NA,NA,NA
Philippines,2021,1A1,Natural gas,NA,NA,NA,NA,NA
Philippines,2021,1A1,Oil,NA,NA,NA,NA,NA
Philippines,2021,1A1A,Coal,NA,NA,NA,NA,NA
Philippines,2021,1A1A,Natural gas,NA,NA,NA,NA,NA
Philippines,2021,1A1A,Oil,NA,NA,NA,NA,NA
Philippines,2021,1A1A1,Coal,NA,NA,NA,NA,NA
Philippines,2021,1A1A1,Natural gas,NA,NA,NA,NA,NA
Philippines,2021,1A1A1,Oil,NA,NA,NA,NA,NA
Philippines,2021,1A1A2,Coal,NA,NA,NA,NA,NA
Philippines,2021,1A1A2,Natural gas,NA,NA,NA,NA,NA
Philippines,2021,1A1A2,Oil,NA,NA,NA,NA,NA
Philippines,2021,1A1A3,Coal,NA,NA,NA,NA,NA
Philippines,2021,1A1A3,Natural gas,NA,NA,NA,NA,NA
Philippines,2021,1A1A3,Oil,NA,NA,NA,NA,NA
Philippines,2021,1A1B,Coal,NA,NA,NA,NA,NA
Philippines,2021,1A1B,Natural gas,NA,NA,NA,NA,NA
Philippines,2021,1A1B,Oil,NA,NA,NA,NA,NA
Philippines,2021,1A1C,Coal,NA,NA,NA,NA,NA
Philippines,2021,1A1C,Natural gas,NA,NA,NA,NA,NA
Philippines,2021,1A1C,Oil,NA,NA,NA,NA,NA
Philippines,2021,1A2,Coal,NA,NA,NA,NA,NA
Philippines,2021,1A2,Natural gas,NA,NA,NA,NA,NA
Philippines,2021,1A2,Oil,NA,NA,NA,NA,NA
Philippines,2021,1A2A,Coal,NA,NA,NA,NA,NA
Philippines,2021,1A2A,Natural gas,NA,NA,NA,NA,NA
Philippines,2021,1A2A,Oil,NA,NA,NA,NA,NA
Philippines,2021,1A2B,Coal,NA,NA,NA,NA,NA
Philippines,2021,1A2B,Natural gas,NA,NA,NA,NA,NA
Philippines,2021,1A2B,Oil,NA,NA,NA,NA,NA
Philippines,2021,1A2C,Coal,NA,NA,NA,NA,NA
Philippines,2021,1A2C,Natural gas,NA,NA,NA,NA,NA
Philippines,2021,1A2C,Oil,NA,NA,NA,NA,NA
Philippines,2021,1A2D,Coal,NA,NA,NA,NA,NA
Philippines,2021,1A2D,Natural gas,NA,NA,NA,NA,NA
Philippines,2021,1A2D,Oil,NA,NA,NA,NA,NA
Philippines,2021,1A2E,Coal,NA,NA,NA,NA,NA
Philippines,2021,1A2E,Natural gas,NA,NA,NA,NA,NA
Philippines,2021,1A2E,Oil,NA,NA,NA,NA,NA
Philippines,2021,1A2F,Coal,NA,NA,NA,NA,NA
Philippines,2021,1A2F,Natural gas,NA,NA,NA,NA,NA
Philippines,2021,1A2F,Oil,NA,NA,NA,NA,NA
Philippines,2021,1A2G,Coal,NA,NA,NA,NA,NA
Philippines,2021,1A2G,Natural gas,NA,NA,NA,NA,NA
Philippines,2021,1A2G,Oil,NA,NA,NA,NA,NA
Philippines,2021,1A2H,Coal,NA,NA,NA,NA,NA
Philippines,2021,1A2H,Natural gas,NA,NA,NA,NA,NA
Philippines,2021,1A2H,Oil,NA,NA,NA,NA,NA
Philippines,2021,1A2I,Coal,NA,NA,NA,NA,NA
Philippines,2021,1A2I,Natural gas,NA,NA,NA,NA,NA
Philippines,2021,1A2I,Oil,NA,NA,NA,NA,NA
Philippines,2021,1A2J,Coal,NA,NA,NA,NA,NA
Philippines,2021,1A2J,Natural gas,NA,NA,NA,NA,NA
Philippines,2021,1A2J,Oil,NA,NA,NA,NA,NA
Philippines,2021,1A2K,Coal,NA,NA,NA,NA,NA
Philippines,2021,1A2K,Natural gas,NA,NA,NA,NA,NA
Philippines,2021,1A2K,Oil,NA,NA,NA,NA,NA
Philippines,2021,1A2L,Coal,NA,NA,NA,NA,NA
Philippines,2021,1A2L,Natural gas,NA,NA,NA,NA,NA
Philippines,2021,1A2L,Oil,NA,NA,NA,NA,NA
Philippines,2021,1A2M,Coal,NA,NA,NA,NA,NA
Philippines,2021,1A2M,Natural gas,NA,NA,NA,NA,NA
Philippines,2021,1A2M,Oil,NA,NA,NA,NA,NA
Philippines,2021,1A3,Coal,NA,NA,NA,NA,NA
Philippines,2021,1A3,Natural gas,NA,NA,NA,NA,NA
Philippines,2021,1A3,Oil,NA,NA,NA,NA,NA
Philippines,2021,1A3A,Coal,NA,NA,NA,NA,NA
Philippines,2021,1A3A,Natural gas,NA,NA,NA,NA,NA
Philippines,2021,1A3A,Oil,NA,NA,NA,NA,NA
Philippines,2021,1A3A1,Coal,NA,NA,NA,NA,NA
Philippines,2021,1A3A1,Natural gas,NA,NA,NA,NA,NA
Philippines,2021,1A3A1,Oil,NA,NA,NA,NA,NA
Philippines,2021,1A3A2,Coal,NA,NA,NA,NA,NA
Philippines,2021,1A3A2,Natural gas,NA,NA,NA,NA,NA
Philippines,2021,1A3A2,Oil,NA,NA,NA,NA,NA
Philippines,2021,1A3B,Coal,NA,NA,NA,NA,NA
Philippines,2021,1A3B,Natural gas,NA,NA,NA,NA,NA
Philippines,2021,1A3B,Oil,NA,NA,NA,NA,NA
Philippines,2021,1A3C,Coal,NA,NA,NA,NA,NA
Philippines,2021,1A3C,Natural gas,NA,NA,NA,NA,NA
Philippines,2021,1A3C,Oil,NA,NA,NA,NA,NA
Philippines,2021,1A3D,Coal,NA,NA,NA,NA,NA
Philippines,2021,1A3D,Natural gas,NA,NA,NA,NA,NA
Philippines,2021,1A3D,Oil,NA,NA,NA,NA,NA
Philippines,2021,1A3D1,Coal,NA,NA,NA,NA,NA
Philippines,2021,1A3D1,Natural gas,NA,NA,NA,NA,NA
Philippines,2021,1A3D1,Oil,NA,NA,NA,NA,NA
Philippines,2021,1A3D2,Coal,NA,NA,NA,NA,NA
Philippines,2021,1A3D2,Natural gas,NA,NA,NA,NA,NA
Philippines,2021,1A3D2,Oil,NA,NA,NA,NA,NA
Philippines,2021,1A3E,Coal,NA,NA,NA,NA,NA
Philippines,2021,1A3E,Natural gas,NA,NA,NA,NA,NA
Philippines,2021,1A3E,Oil,NA,NA,NA,NA,NA
Philippines,2021,1A3E1,Coal,NA,NA,NA,NA,NA
Philippines,2021,1A3E1,Natural gas,NA,NA,NA,NA,NA
Philippines,2021,1A3E1,Oil,NA,NA,NA,NA,NA
Philippines,2021,1A4,Coal,NA,NA,NA,NA,NA
Philippines,2021,1A4,Natural gas,NA,NA,NA,NA,NA
Philippines,2021,1A4,Oil,NA,NA,NA,NA,NA
Philippines,2021,1A4A,Coal,NA,NA,NA,NA,NA
Philippines,2021,1A4A,Natural gas,NA,NA,NA,NA,NA
Philippines,2021,1A4A,Oil,NA,NA,NA,NA,NA
Philippines,2021,1A4B,Coal,NA,NA,NA,NA,NA
Philippines,2021,1A4B,Natural gas,NA,NA,NA,NA,NA
Philippines,2021,1A4B,Oil,NA,NA,NA,NA,NA
Philippines,2021,1A4C,Coal,NA,NA,NA,NA,NA
Philippines,2021,1A4C,Natural gas,NA,NA,NA,NA,NA
Philippines,2021,1A4C,Oil,NA,NA,NA,NA,NA
Philippines,2021,1A4C1,Coal,NA,NA,NA,NA,NA
Philippines,2021,1A4C1,Natural gas,NA,NA,NA,NA,NA
Philippines,2021,1A4C1,Oil,NA,NA,NA,NA,NA
Philippines,2021,1A4C2,Coal,NA,NA,NA,NA,NA
Philippines,2021,1A4C2,Natural gas,NA,NA,NA,NA,NA
Philippines,2021,1A4C2,Oil,NA,NA,NA,NA,NA
Philippines,2021,1A4C3,Coal,NA,NA,NA,NA,NA
Philippines,2021,1A4C3,Natural gas,NA,NA,NA,NA,NA
Philippines,2021,1A4C3,Oil,NA,NA,NA,NA,NA
Philippines,2021,1A5,Coal,NA,NA,NA,NA,NA
Philippines,2021,1A5,Natural gas,NA,NA,NA,NA,NA
Philippines,2021,1A5,Oil,NA,NA,NA,NA,NA
Philippines,2021,1A5A,Coal,NA,NA,NA,NA,NA
Philippines,2021,1A5A,Natural gas,NA,NA,NA,NA,NA
Philippines,2021,1A5A,Oil,NA,NA,NA,NA,NA
Philippines,2021,1A5B,Coal,NA,NA,NA,NA,NA
Philippines,2021,1A5B,Natural gas,NA,NA,NA,NA,NA
Philippines,2021,1A5B,Oil,NA,NA,NA,NA,NA
Philippines,2021,1A5C,Coal,NA,NA,NA,NA,NA
Philippines,2021,1A5C,Natural gas,NA,NA,NA,NA,NA
Philippines,2021,1A5C,Oil,NA,NA,NA,NA,NA
Philippines,2021,1B,NA,NA,NA,NA,NA,NA
Philippines,2021,1B1,NA,NA,NA,NA,NA,NA
Philippines,2021,1B1A,NA,NA,NA,NA,NA,NA
Philippines,2021,1B1A1,NA,NA,NA,NA,NA,NA
Philippines,2021,1B1A11,NA,NA,NA,NA,NA,NA
Philippines,2021,1B1A12,NA,NA,NA,NA,NA,NA
Philippines,2021,1B1A13,NA,NA,NA,NA,NA,NA
Philippines,2021,1B1A14,NA,NA,NA,NA,NA,NA
Philippines,2021,1B1A2,NA,NA,NA,NA,NA,NA
Philippines,2021,1B1A21,NA,NA,NA,NA,NA,NA
Philippines,2021,1B1A22,NA,NA,NA,NA,NA,NA
Philippines,2021,1B1B,NA,NA,NA,NA,NA,NA
Philippines,2021,1B2,NA,NA,NA,NA,NA,NA
Philippines,2021,1B2A,NA,NA,NA,NA,NA,NA
Philippines,2021,1B2A1,NA,NA,NA,NA,NA,NA
Philippines,2021,1B2A2,NA,NA,NA,NA,NA,NA
Philippines,2021,1B2A3,NA,NA,NA,NA,NA,NA
Philippines,2021,1B2A31,NA,NA,NA,NA,NA,NA
Philippines,2021,1B2A32,NA,NA,NA,NA,NA,NA
Philippines,2021,1B2A33,NA,NA,NA,NA,NA,NA
Philippines,2021,1B2A34,NA,NA,NA,NA,NA,NA
Philippines,2021,1B2A35,NA,NA,NA,NA,NA,NA
Philippines,2021,1B2A36,NA,NA,NA,NA,NA,NA
Philippines,2021,1B2B,NA,NA,NA,NA,NA,NA
Philippines,2021,1B2B1,NA,NA,NA,NA,NA,NA
Philippines,2021,1B2B2,NA,NA,NA,NA,NA,NA
Philippines,2021,1B2B3,NA,NA,NA,NA,NA,NA
Philippines,2021,1B2B31,NA,NA,NA,NA,NA,NA
Philippines,2021,1B2B32,NA,NA,NA,NA,NA,NA
Philippines,2021,1B2B33,NA,NA,NA,NA,NA,NA
Philippines,2021,1B2B34,NA,NA,NA,NA,NA,NA
Philippines,2021,1B2B35,NA,NA,NA,NA,NA,NA
Philippines,2021,1B2B36,NA,NA,NA,NA,NA,NA
Philippines,2021,1B3,NA,NA,NA,NA,NA,NA
Philippines,2021,1C,NA,NA,NA,NA,NA,NA
Philippines,2021,1C1,NA,NA,NA,NA,NA,NA
Philippines,2021,1C1A,NA,NA,NA,NA,NA,NA
Philippines,2021,1C1B,NA,NA,NA,NA,NA,NA
Philippines,2021,1C1C,NA,NA,NA,NA,NA,NA
Philippines,2021,1C2,NA,NA,NA,NA,NA,NA
Philippines,2021,1C2A,NA,NA,NA,NA,NA,NA
Philippines,2021,1C2B,NA,NA,NA,NA,NA,NA
Philippines,2021,1C3,NA,NA,NA,NA,NA,NA
Philippines,2021,2A,NA,NA,NA,NA,NA,NA
Philippines,2021,2A1,NA,NA,NA,NA,NA,NA
Philippines,2021,2A2,NA,NA,NA,NA,NA,NA
Philippines,2021,2A3,NA,NA,NA,NA,NA,NA
Philippines,2021,2A4,NA,NA,NA,NA,NA,NA
Philippines,2021,2A4A,NA,NA,NA,NA,NA,NA
Philippines,2021,2A4B,NA,NA,NA,NA,NA,NA
Philippines,2021,2A4C,NA,NA,NA,NA,NA,NA
Philippines,2021,2A4D,NA,NA,NA,NA,NA,NA
Philippines,2021,2B,NA,NA,NA,NA,NA,NA
Philippines,2021,2B1,NA,NA,NA,NA,NA,NA
Philippines,2021,2B10,NA,NA,NA,NA,NA,NA
Philippines,2021,2B2,NA,NA,NA,NA,NA,NA
Philippines,2021,2B3,NA,NA,NA,NA,NA,NA
Philippines,2021,2B4,NA,NA,NA,NA,NA,NA
Philippines,2021,2B5,NA,NA,NA,NA,NA,NA
Philippines,2021,2B6,NA,NA,NA,NA,NA,NA
Philippines,2021,2B7,NA,NA,NA,NA,NA,NA
Philippines,2021,2B8,NA,NA,NA,NA,NA,NA
Philippines,2021,2B8A,NA,NA,NA,NA,NA,NA
Philippines,2021,2B8B,NA,NA,NA,NA,NA,NA
Philippines,2021,2B8C,NA,NA,NA,NA,NA,NA
Philippines,2021,2B8D,NA,NA,NA,NA,NA,NA
Philippines,2021,2B8E,NA,NA,NA,NA,NA,NA
Philippines,2021,2B8F,NA,NA,NA,NA,NA,NA
Philippines,2021,2B9,NA,NA,NA,NA,NA,NA
Philippines,2021,2B9A,NA,NA,NA,NA,NA,NA
Philippines,2021,2B9B,NA,NA,NA,NA,NA,NA
Philippines,2021,2C,NA,NA,NA,NA,NA,NA
Philippines,2021,2C1,NA,NA,NA,NA,NA,NA
Philippines,2021,2C2,NA,NA,NA,NA,NA,NA
Philippines,2021,2C3,NA,NA,NA,NA,NA,NA
Philippines,2021,2C4,NA,NA,NA,NA,NA,NA
Philippines,2021,2C5,NA,NA,NA,NA,NA,NA
Philippines,2021,2C6,NA,NA,NA,NA,NA,NA
Philippines,2021,2C7,NA,NA,NA,NA,NA,NA
Philippines,2021,2D,NA,NA,NA,NA,NA,NA
Philippines,2021,2D1,NA,NA,NA,NA,NA,NA
Philippines,2021,2D2,NA,NA,NA,NA,NA,NA
Philippines,2021,2D3,NA,NA,NA,NA,NA,NA
Philippines,2021,2D4,NA,NA,NA,NA,NA,NA
Philippines,2021,2E,NA,NA,NA,NA,NA,NA
Philippines,2021,2E1,NA,NA,NA,NA,NA,NA
Philippines,2021,2E2,NA,NA,NA,NA,NA,NA
Philippines,2021,2E3,NA,NA,NA,NA,NA,NA
Philippines,2021,2E4,NA,NA,NA,NA,NA,NA
Philippines,2021,2E5,NA,NA,NA,NA,NA,NA
Philippines,2021,2F,NA,NA,NA,NA,NA,NA
Philippines,2021,2F1,NA,NA,NA,NA,NA,NA
Philippines,2021,2F2,NA,NA,NA,NA,NA,NA
Philippines,2021,2F3,NA,NA,NA,NA,NA,NA
Philippines,2021,2F4,NA,NA,NA,NA,NA,NA
Philippines,2021,2F5,NA,NA,NA,NA,NA,NA
Philippines,2021,2F6,NA,NA,NA,NA,NA,NA
Philippines,2021,2G,NA,NA,NA,NA,NA,NA
Philippines,2021,2G1,NA,NA,NA,NA,NA,NA
Philippines,2021,2G2,NA,NA,NA,NA,NA,NA
Philippines,2021,2G3,NA,NA,NA,NA,NA,NA
Philippines,2021,2G4,NA,NA,NA,NA,NA,NA
Philippines,2021,2H,NA,NA,NA,NA,NA,NA
Philippines,2021,2H1,NA,NA,NA,NA,NA,NA
Philippines,2021,2H2,NA,NA,NA,NA,NA,NA
Philippines,2021,2H3,NA,NA,NA,NA,NA,NA
Philippines,2021,3A,NA,NA,NA,NA,NA,NA
Philippines,2021,3A1,NA,NA,NA,NA,NA,NA
Philippines,2021,3A2,NA,NA,NA,NA,NA,NA
Philippines,2021,3B,NA,NA,NA,NA,NA,NA
Philippines,2021,3B1,NA,NA,NA,NA,NA,NA
Philippines,2021,3B1A,NA,NA,NA,NA,NA,NA
Philippines,2021,3B1B,NA,NA,NA,NA,NA,NA
Philippines,2021,3B2,NA,NA,NA,NA,NA,NA
Philippines,2021,3B2A,NA,NA,NA,NA,NA,NA
Philippines,2021,3B2B,NA,NA,NA,NA,NA,NA
Philippines,2021,3B3,NA,NA,NA,NA,NA,NA
Philippines,2021,3B3A,NA,NA,NA,NA,NA,NA
Philippines,2021,3B3B,NA,NA,NA,NA,NA,NA
Philippines,2021,3B4,NA,NA,NA,NA,NA,NA
Philippines,2021,3B4A,NA,NA,NA,NA,NA,NA
Philippines,2021,3B4B,NA,NA,NA,NA,NA,NA
Philippines,2021,3B5,NA,NA,NA,NA,NA,NA
Philippines,2021,3B5A,NA,NA,NA,NA,NA,NA
Philippines,2021,3B5B,NA,NA,NA,NA,NA,NA
Philippines,2021,3B6,NA,NA,NA,NA,NA,NA
Philippines,2021,3B6A,NA,NA,NA,NA,NA,NA
Philippines,2021,3B6B,NA,NA,NA,NA,NA,NA
Philippines,2021,3B6B1,NA,NA,NA,NA,NA,NA
Philippines,2021,3B6B2,NA,NA,NA,NA,NA,NA
Philippines,2021,3B6B3,NA,NA,NA,NA,NA,NA
Philippines,2021,3B6B4,NA,NA,NA,NA,NA,NA
Philippines,2021,3B6B5,NA,NA,NA,NA,NA,NA
Philippines,2021,3C,NA,NA,NA,NA,NA,NA
Philippines,2021,3C1,NA,NA,NA,NA,NA,NA
Philippines,2021,3C2,NA,NA,NA,NA,NA,NA
Philippines,2021,3C3,NA,NA,NA,NA,NA,NA
Philippines,2021,3C4,NA,NA,NA,NA,NA,NA
Philippines,2021,3C5,NA,NA,NA,NA,NA,NA
Philippines,2021,3C6,NA,NA,NA,NA,NA,NA
Philippines,2021,3C7,NA,NA,NA,NA,NA,NA
Philippines,2021,3C8,NA,NA,NA,NA,NA,NA
Philippines,2021,3D,NA,NA,NA,NA,NA,NA
Philippines,2021,3D1,NA,NA,NA,NA,NA,NA
Philippines,2021,3D2,NA,NA,NA,NA,NA,NA
Philippines,2021,4A,NA,NA,NA,NA,NA,NA
Philippines,2021,4A1,NA,NA,NA,NA,NA,NA
Philippines,2021,4A2,NA,NA,NA,NA,NA,NA
Philippines,2021,4A3,NA,NA,NA,NA,NA,NA
Philippines,2021,4B,NA,NA,NA,NA,NA,NA
Philippines,2021,4C,NA,NA,NA,NA,NA,NA
Philippines,2021,4C1,NA,NA,NA,NA,NA,NA
Philippines,2021,4C2,NA,NA,NA,NA,NA,NA
Philippines,2021,4D,NA,NA,NA,NA,NA,NA
Philippines,2021,4D1,NA,NA,NA,NA,NA,NA
Philippines,2021,4D2,NA,NA,NA,NA,NA,NA
Philippines,2021,4E,NA,NA,NA,NA,NA,NA
Philippines,2021,5A,NA,NA,NA,NA,NA,NA
Philippines,2021,5A1,NA,NA,NA,NA,NA,NA
Philippines,2021,5A2,NA,NA,NA,NA,NA,NA
Philippines,2022,0,NA,NA,NA,NA,NA,NA
Philippines,2022,1,NA,NA,NA,NA,NA,NA
Philippines,2022,2,NA,NA,NA,NA,NA,NA
Philippines,2022,3,NA,NA,NA,NA,NA,NA
Philippines,2022,4,NA,NA,NA,NA,NA,NA
Philippines,2022,5,NA,NA,NA,NA,NA,NA
Philippines,2022,1A,Coal,NA,NA,NA,NA,NA
Philippines,2022,1A,Natural gas,NA,NA,NA,NA,NA
Philippines,2022,1A,Oil,NA,NA,NA,NA,NA
Philippines,2022,1A1,Coal,NA,NA,NA,NA,NA
Philippines,2022,1A1,Natural gas,NA,NA,NA,NA,NA
Philippines,2022,1A1,Oil,NA,NA,NA,NA,NA
Philippines,2022,1A1A,Coal,NA,NA,NA,NA,NA
Philippines,2022,1A1A,Natural gas,NA,NA,NA,NA,NA
Philippines,2022,1A1A,Oil,NA,NA,NA,NA,NA
Philippines,2022,1A1A1,Coal,NA,NA,NA,NA,NA
Philippines,2022,1A1A1,Natural gas,NA,NA,NA,NA,NA
Philippines,2022,1A1A1,Oil,NA,NA,NA,NA,NA
Philippines,2022,1A1A2,Coal,NA,NA,NA,NA,NA
Philippines,2022,1A1A2,Natural gas,NA,NA,NA,NA,NA
Philippines,2022,1A1A2,Oil,NA,NA,NA,NA,NA
Philippines,2022,1A1A3,Coal,NA,NA,NA,NA,NA
Philippines,2022,1A1A3,Natural gas,NA,NA,NA,NA,NA
Philippines,2022,1A1A3,Oil,NA,NA,NA,NA,NA
Philippines,2022,1A1B,Coal,NA,NA,NA,NA,NA
Philippines,2022,1A1B,Natural gas,NA,NA,NA,NA,NA
Philippines,2022,1A1B,Oil,NA,NA,NA,NA,NA
Philippines,2022,1A1C,Coal,NA,NA,NA,NA,NA
Philippines,2022,1A1C,Natural gas,NA,NA,NA,NA,NA
Philippines,2022,1A1C,Oil,NA,NA,NA,NA,NA
Philippines,2022,1A2,Coal,NA,NA,NA,NA,NA
Philippines,2022,1A2,Natural gas,NA,NA,NA,NA,NA
Philippines,2022,1A2,Oil,NA,NA,NA,NA,NA
Philippines,2022,1A2A,Coal,NA,NA,NA,NA,NA
Philippines,2022,1A2A,Natural gas,NA,NA,NA,NA,NA
Philippines,2022,1A2A,Oil,NA,NA,NA,NA,NA
Philippines,2022,1A2B,Coal,NA,NA,NA,NA,NA
Philippines,2022,1A2B,Natural gas,NA,NA,NA,NA,NA
Philippines,2022,1A2B,Oil,NA,NA,NA,NA,NA
Philippines,2022,1A2C,Coal,NA,NA,NA,NA,NA
Philippines,2022,1A2C,Natural gas,NA,NA,NA,NA,NA
Philippines,2022,1A2C,Oil,NA,NA,NA,NA,NA
Philippines,2022,1A2D,Coal,NA,NA,NA,NA,NA
Philippines,2022,1A2D,Natural gas,NA,NA,NA,NA,NA
Philippines,2022,1A2D,Oil,NA,NA,NA,NA,NA
Philippines,2022,1A2E,Coal,NA,NA,NA,NA,NA
Philippines,2022,1A2E,Natural gas,NA,NA,NA,NA,NA
Philippines,2022,1A2E,Oil,NA,NA,NA,NA,NA
Philippines,2022,1A2F,Coal,NA,NA,NA,NA,NA
Philippines,2022,1A2F,Natural gas,NA,NA,NA,NA,NA
Philippines,2022,1A2F,Oil,NA,NA,NA,NA,NA
Philippines,2022,1A2G,Coal,NA,NA,NA,NA,NA
Philippines,2022,1A2G,Natural gas,NA,NA,NA,NA,NA
Philippines,2022,1A2G,Oil,NA,NA,NA,NA,NA
Philippines,2022,1A2H,Coal,NA,NA,NA,NA,NA
Philippines,2022,1A2H,Natural gas,NA,NA,NA,NA,NA
Philippines,2022,1A2H,Oil,NA,NA,NA,NA,NA
Philippines,2022,1A2I,Coal,NA,NA,NA,NA,NA
Philippines,2022,1A2I,Natural gas,NA,NA,NA,NA,NA
Philippines,2022,1A2I,Oil,NA,NA,NA,NA,NA
Philippines,2022,1A2J,Coal,NA,NA,NA,NA,NA
Philippines,2022,1A2J,Natural gas,NA,NA,NA,NA,NA
Philippines,2022,1A2J,Oil,NA,NA,NA,NA,NA
Philippines,2022,1A2K,Coal,NA,NA,NA,NA,NA
Philippines,2022,1A2K,Natural gas,NA,NA,NA,NA,NA
Philippines,2022,1A2K,Oil,NA,NA,NA,NA,NA
Philippines,2022,1A2L,Coal,NA,NA,NA,NA,NA
Philippines,2022,1A2L,Natural gas,NA,NA,NA,NA,NA
Philippines,2022,1A2L,Oil,NA,NA,NA,NA,NA
Philippines,2022,1A2M,Coal,NA,NA,NA,NA,NA
Philippines,2022,1A2M,Natural gas,NA,NA,NA,NA,NA
Philippines,2022,1A2M,Oil,NA,NA,NA,NA,NA
Philippines,2022,1A3,Coal,NA,NA,NA,NA,NA
Philippines,2022,1A3,Natural gas,NA,NA,NA,NA,NA
Philippines,2022,1A3,Oil,NA,NA,NA,NA,NA
Philippines,2022,1A3A,Coal,NA,NA,NA,NA,NA
Philippines,2022,1A3A,Natural gas,NA,NA,NA,NA,NA
Philippines,2022,1A3A,Oil,NA,NA,NA,NA,NA
Philippines,2022,1A3A1,Coal,NA,NA,NA,NA,NA
Philippines,2022,1A3A1,Natural gas,NA,NA,NA,NA,NA
Philippines,2022,1A3A1,Oil,NA,NA,NA,NA,NA
Philippines,2022,1A3A2,Coal,NA,NA,NA,NA,NA
Philippines,2022,1A3A2,Natural gas,NA,NA,NA,NA,NA
Philippines,2022,1A3A2,Oil,NA,NA,NA,NA,NA
Philippines,2022,1A3B,Coal,NA,NA,NA,NA,NA
Philippines,2022,1A3B,Natural gas,NA,NA,NA,NA,NA
Philippines,2022,1A3B,Oil,NA,NA,NA,NA,NA
Philippines,2022,1A3C,Coal,NA,NA,NA,NA,NA
Philippines,2022,1A3C,Natural gas,NA,NA,NA,NA,NA
Philippines,2022,1A3C,Oil,NA,NA,NA,NA,NA
Philippines,2022,1A3D,Coal,NA,NA,NA,NA,NA
Philippines,2022,1A3D,Natural gas,NA,NA,NA,NA,NA
Philippines,2022,1A3D,Oil,NA,NA,NA,NA,NA
Philippines,2022,1A3D1,Coal,NA,NA,NA,NA,NA
Philippines,2022,1A3D1,Natural gas,NA,NA,NA,NA,NA
Philippines,2022,1A3D1,Oil,NA,NA,NA,NA,NA
Philippines,2022,1A3D2,Coal,NA,NA,NA,NA,NA
Philippines,2022,1A3D2,Natural gas,NA,NA,NA,NA,NA
Philippines,2022,1A3D2,Oil,NA,NA,NA,NA,NA
Philippines,2022,1A3E,Coal,NA,NA,NA,NA,NA
Philippines,2022,1A3E,Natural gas,NA,NA,NA,NA,NA
Philippines,2022,1A3E,Oil,NA,NA,NA,NA,NA
Philippines,2022,1A3E1,Coal,NA,NA,NA,NA,NA
Philippines,2022,1A3E1,Natural gas,NA,NA,NA,NA,NA
Philippines,2022,1A3E1,Oil,NA,NA,NA,NA,NA
Philippines,2022,1A4,Coal,NA,NA,NA,NA,NA
Philippines,2022,1A4,Natural gas,NA,NA,NA,NA,NA
Philippines,2022,1A4,Oil,NA,NA,NA,NA,NA
Philippines,2022,1A4A,Coal,NA,NA,NA,NA,NA
Philippines,2022,1A4A,Natural gas,NA,NA,NA,NA,NA
Philippines,2022,1A4A,Oil,NA,NA,NA,NA,NA
Philippines,2022,1A4B,Coal,NA,NA,NA,NA,NA
Philippines,2022,1A4B,Natural gas,NA,NA,NA,NA,NA
Philippines,2022,1A4B,Oil,NA,NA,NA,NA,NA
Philippines,2022,1A4C,Coal,NA,NA,NA,NA,NA
Philippines,2022,1A4C,Natural gas,NA,NA,NA,NA,NA
Philippines,2022,1A4C,Oil,NA,NA,NA,NA,NA
Philippines,2022,1A4C1,Coal,NA,NA,NA,NA,NA
Philippines,2022,1A4C1,Natural gas,NA,NA,NA,NA,NA
Philippines,2022,1A4C1,Oil,NA,NA,NA,NA,NA
Philippines,2022,1A4C2,Coal,NA,NA,NA,NA,NA
Philippines,2022,1A4C2,Natural gas,NA,NA,NA,NA,NA
Philippines,2022,1A4C2,Oil,NA,NA,NA,NA,NA
Philippines,2022,1A4C3,Coal,NA,NA,NA,NA,NA
Philippines,2022,1A4C3,Natural gas,NA,NA,NA,NA,NA
Philippines,2022,1A4C3,Oil,NA,NA,NA,NA,NA
Philippines,2022,1A5,Coal,NA,NA,NA,NA,NA
Philippines,2022,1A5,Natural gas,NA,NA,NA,NA,NA
Philippines,2022,1A5,Oil,NA,NA,NA,NA,NA
Philippines,2022,1A5A,Coal,NA,NA,NA,NA,NA
Philippines,2022,1A5A,Natural gas,NA,NA,NA,NA,NA
Philippines,2022,1A5A,Oil,NA,NA,NA,NA,NA
Philippines,2022,1A5B,Coal,NA,NA,NA,NA,NA
Philippines,2022,1A5B,Natural gas,NA,NA,NA,NA,NA
Philippines,2022,1A5B,Oil,NA,NA,NA,NA,NA
Philippines,2022,1A5C,Coal,NA,NA,NA,NA,NA
Philippines,2022,1A5C,Natural gas,NA,NA,NA,NA,NA
Philippines,2022,1A5C,Oil,NA,NA,NA,NA,NA
Philippines,2022,1B,NA,NA,NA,NA,NA,NA
Philippines,2022,1B1,NA,NA,NA,NA,NA,NA
Philippines,2022,1B1A,NA,NA,NA,NA,NA,NA
Philippines,2022,1B1A1,NA,NA,NA,NA,NA,NA
Philippines,2022,1B1A11,NA,NA,NA,NA,NA,NA
Philippines,2022,1B1A12,NA,NA,NA,NA,NA,NA
Philippines,2022,1B1A13,NA,NA,NA,NA,NA,NA
Philippines,2022,1B1A14,NA,NA,NA,NA,NA,NA
Philippines,2022,1B1A2,NA,NA,NA,NA,NA,NA
Philippines,2022,1B1A21,NA,NA,NA,NA,NA,NA
Philippines,2022,1B1A22,NA,NA,NA,NA,NA,NA
Philippines,2022,1B1B,NA,NA,NA,NA,NA,NA
Philippines,2022,1B2,NA,NA,NA,NA,NA,NA
Philippines,2022,1B2A,NA,NA,NA,NA,NA,NA
Philippines,2022,1B2A1,NA,NA,NA,NA,NA,NA
Philippines,2022,1B2A2,NA,NA,NA,NA,NA,NA
Philippines,2022,1B2A3,NA,NA,NA,NA,NA,NA
Philippines,2022,1B2A31,NA,NA,NA,NA,NA,NA
Philippines,2022,1B2A32,NA,NA,NA,NA,NA,NA
Philippines,2022,1B2A33,NA,NA,NA,NA,NA,NA
Philippines,2022,1B2A34,NA,NA,NA,NA,NA,NA
Philippines,2022,1B2A35,NA,NA,NA,NA,NA,NA
Philippines,2022,1B2A36,NA,NA,NA,NA,NA,NA
Philippines,2022,1B2B,NA,NA,NA,NA,NA,NA
Philippines,2022,1B2B1,NA,NA,NA,NA,NA,NA
Philippines,2022,1B2B2,NA,NA,NA,NA,NA,NA
Philippines,2022,1B2B3,NA,NA,NA,NA,NA,NA
Philippines,2022,1B2B31,NA,NA,NA,NA,NA,NA
Philippines,2022,1B2B32,NA,NA,NA,NA,NA,NA
Philippines,2022,1B2B33,NA,NA,NA,NA,NA,NA
Philippines,2022,1B2B34,NA,NA,NA,NA,NA,NA
Philippines,2022,1B2B35,NA,NA,NA,NA,NA,NA
Philippines,2022,1B2B36,NA,NA,NA,NA,NA,NA
Philippines,2022,1B3,NA,NA,NA,NA,NA,NA
Philippines,2022,1C,NA,NA,NA,NA,NA,NA
Philippines,2022,1C1,NA,NA,NA,NA,NA,NA
Philippines,2022,1C1A,NA,NA,NA,NA,NA,NA
Philippines,2022,1C1B,NA,NA,NA,NA,NA,NA
Philippines,2022,1C1C,NA,NA,NA,NA,NA,NA
Philippines,2022,1C2,NA,NA,NA,NA,NA,NA
Philippines,2022,1C2A,NA,NA,NA,NA,NA,NA
Philippines,2022,1C2B,NA,NA,NA,NA,NA,NA
Philippines,2022,1C3,NA,NA,NA,NA,NA,NA
Philippines,2022,2A,NA,NA,NA,NA,NA,NA
Philippines,2022,2A1,NA,NA,NA,NA,NA,NA
Philippines,2022,2A2,NA,NA,NA,NA,NA,NA
Philippines,2022,2A3,NA,NA,NA,NA,NA,NA
Philippines,2022,2A4,NA,NA,NA,NA,NA,NA
Philippines,2022,2A4A,NA,NA,NA,NA,NA,NA
Philippines,2022,2A4B,NA,NA,NA,NA,NA,NA
Philippines,2022,2A4C,NA,NA,NA,NA,NA,NA
Philippines,2022,2A4D,NA,NA,NA,NA,NA,NA
Philippines,2022,2B,NA,NA,NA,NA,NA,NA
Philippines,2022,2B1,NA,NA,NA,NA,NA,NA
Philippines,2022,2B10,NA,NA,NA,NA,NA,NA
Philippines,2022,2B2,NA,NA,NA,NA,NA,NA
Philippines,2022,2B3,NA,NA,NA,NA,NA,NA
Philippines,2022,2B4,NA,NA,NA,NA,NA,NA
Philippines,2022,2B5,NA,NA,NA,NA,NA,NA
Philippines,2022,2B6,NA,NA,NA,NA,NA,NA
Philippines,2022,2B7,NA,NA,NA,NA,NA,NA
Philippines,2022,2B8,NA,NA,NA,NA,NA,NA
Philippines,2022,2B8A,NA,NA,NA,NA,NA,NA
Philippines,2022,2B8B,NA,NA,NA,NA,NA,NA
Philippines,2022,2B8C,NA,NA,NA,NA,NA,NA
Philippines,2022,2B8D,NA,NA,NA,NA,NA,NA
Philippines,2022,2B8E,NA,NA,NA,NA,NA,NA
Philippines,2022,2B8F,NA,NA,NA,NA,NA,NA
Philippines,2022,2B9,NA,NA,NA,NA,NA,NA
Philippines,2022,2B9A,NA,NA,NA,NA,NA,NA
Philippines,2022,2B9B,NA,NA,NA,NA,NA,NA
Philippines,2022,2C,NA,NA,NA,NA,NA,NA
Philippines,2022,2C1,NA,NA,NA,NA,NA,NA
Philippines,2022,2C2,NA,NA,NA,NA,NA,NA
Philippines,2022,2C3,NA,NA,NA,NA,NA,NA
Philippines,2022,2C4,NA,NA,NA,NA,NA,NA
Philippines,2022,2C5,NA,NA,NA,NA,NA,NA
Philippines,2022,2C6,NA,NA,NA,NA,NA,NA
Philippines,2022,2C7,NA,NA,NA,NA,NA,NA
Philippines,2022,2D,NA,NA,NA,NA,NA,NA
Philippines,2022,2D1,NA,NA,NA,NA,NA,NA
Philippines,2022,2D2,NA,NA,NA,NA,NA,NA
Philippines,2022,2D3,NA,NA,NA,NA,NA,NA
Philippines,2022,2D4,NA,NA,NA,NA,NA,NA
Philippines,2022,2E,NA,NA,NA,NA,NA,NA
Philippines,2022,2E1,NA,NA,NA,NA,NA,NA
Philippines,2022,2E2,NA,NA,NA,NA,NA,NA
Philippines,2022,2E3,NA,NA,NA,NA,NA,NA
Philippines,2022,2E4,NA,NA,NA,NA,NA,NA
Philippines,2022,2E5,NA,NA,NA,NA,NA,NA
Philippines,2022,2F,NA,NA,NA,NA,NA,NA
Philippines,2022,2F1,NA,NA,NA,NA,NA,NA
Philippines,2022,2F2,NA,NA,NA,NA,NA,NA
Philippines,2022,2F3,NA,NA,NA,NA,NA,NA
Philippines,2022,2F4,NA,NA,NA,NA,NA,NA
Philippines,2022,2F5,NA,NA,NA,NA,NA,NA
Philippines,2022,2F6,NA,NA,NA,NA,NA,NA
Philippines,2022,2G,NA,NA,NA,NA,NA,NA
Philippines,2022,2G1,NA,NA,NA,NA,NA,NA
Philippines,2022,2G2,NA,NA,NA,NA,NA,NA
Philippines,2022,2G3,NA,NA,NA,NA,NA,NA
Philippines,2022,2G4,NA,NA,NA,NA,NA,NA
Philippines,2022,2H,NA,NA,NA,NA,NA,NA
Philippines,2022,2H1,NA,NA,NA,NA,NA,NA
Philippines,2022,2H2,NA,NA,NA,NA,NA,NA
Philippines,2022,2H3,NA,NA,NA,NA,NA,NA
Philippines,2022,3A,NA,NA,NA,NA,NA,NA
Philippines,2022,3A1,NA,NA,NA,NA,NA,NA
Philippines,2022,3A2,NA,NA,NA,NA,NA,NA
Philippines,2022,3B,NA,NA,NA,NA,NA,NA
Philippines,2022,3B1,NA,NA,NA,NA,NA,NA
Philippines,2022,3B1A,NA,NA,NA,NA,NA,NA
Philippines,2022,3B1B,NA,NA,NA,NA,NA,NA
Philippines,2022,3B2,NA,NA,NA,NA,NA,NA
Philippines,2022,3B2A,NA,NA,NA,NA,NA,NA
Philippines,2022,3B2B,NA,NA,NA,NA,NA,NA
Philippines,2022,3B3,NA,NA,NA,NA,NA,NA
Philippines,2022,3B3A,NA,NA,NA,NA,NA,NA
Philippines,2022,3B3B,NA,NA,NA,NA,NA,NA
Philippines,2022,3B4,NA,NA,NA,NA,NA,NA
Philippines,2022,3B4A,NA,NA,NA,NA,NA,NA
Philippines,2022,3B4B,NA,NA,NA,NA,NA,NA
Philippines,2022,3B5,NA,NA,NA,NA,NA,NA
Philippines,2022,3B5A,NA,NA,NA,NA,NA,NA
Philippines,2022,3B5B,NA,NA,NA,NA,NA,NA
Philippines,2022,3B6,NA,NA,NA,NA,NA,NA
Philippines,2022,3B6A,NA,NA,NA,NA,NA,NA
Philippines,2022,3B6B,NA,NA,NA,NA,NA,NA
Philippines,2022,3B6B1,NA,NA,NA,NA,NA,NA
Philippines,2022,3B6B2,NA,NA,NA,NA,NA,NA
Philippines,2022,3B6B3,NA,NA,NA,NA,NA,NA
Philippines,2022,3B6B4,NA,NA,NA,NA,NA,NA
Philippines,2022,3B6B5,NA,NA,NA,NA,NA,NA
Philippines,2022,3C,NA,NA,NA,NA,NA,NA
Philippines,2022,3C1,NA,NA,NA,NA,NA,NA
Philippines,2022,3C2,NA,NA,NA,NA,NA,NA
Philippines,2022,3C3,NA,NA,NA,NA,NA,NA
Philippines,2022,3C4,NA,NA,NA,NA,NA,NA
Philippines,2022,3C5,NA,NA,NA,NA,NA,NA
Philippines,2022,3C6,NA,NA,NA,NA,NA,NA
Philippines,2022,3C7,NA,NA,NA,NA,NA,NA
Philippines,2022,3C8,NA,NA,NA,NA,NA,NA
Philippines,2022,3D,NA,NA,NA,NA,NA,NA
Philippines,2022,3D1,NA,NA,NA,NA,NA,NA
Philippines,2022,3D2,NA,NA,NA,NA,NA,NA
Philippines,2022,4A,NA,NA,NA,NA,NA,NA
Philippines,2022,4A1,NA,NA,NA,NA,NA,NA
Philippines,2022,4A2,NA,NA,NA,NA,NA,NA
Philippines,2022,4A3,NA,NA,NA,NA,NA,NA
Philippines,2022,4B,NA,NA,NA,NA,NA,NA
Philippines,2022,4C,NA,NA,NA,NA,NA,NA
Philippines,2022,4C1,NA,NA,NA,NA,NA,NA
Philippines,2022,4C2,NA,NA,NA,NA,NA,NA
Philippines,2022,4D,NA,NA,NA,NA,NA,NA
Philippines,2022,4D1,NA,NA,NA,NA,NA,NA
Philippines,2022,4D2,NA,NA,NA,NA,NA,NA
Philippines,2022,4E,NA,NA,NA,NA,NA,NA
Philippines,2022,5A,NA,NA,NA,NA,NA,NA
Philippines,2022,5A1,NA,NA,NA,NA,NA,NA
Philippines,2022,5A2,NA,NA,NA,NA,NA,NA
Philippines,2023,0,NA,NA,NA,NA,NA,NA
Philippines,2023,1,NA,NA,NA,NA,NA,NA
Philippines,2023,2,NA,NA,NA,NA,NA,NA
Philippines,2023,3,NA,NA,NA,NA,NA,NA
Philippines,2023,4,NA,NA,NA,NA,NA,NA
Philippines,2023,5,NA,NA,NA,NA,NA,NA
Philippines,2023,1A,Coal,NA,NA,NA,NA,NA
Philippines,2023,1A,Natural gas,NA,NA,NA,NA,NA
Philippines,2023,1A,Oil,NA,NA,NA,NA,NA
Philippines,2023,1A1,Coal,NA,NA,NA,NA,NA
Philippines,2023,1A1,Natural gas,NA,NA,NA,NA,NA
Philippines,2023,1A1,Oil,NA,NA,NA,NA,NA
Philippines,2023,1A1A,Coal,NA,NA,NA,NA,NA
Philippines,2023,1A1A,Natural gas,NA,NA,NA,NA,NA
Philippines,2023,1A1A,Oil,NA,NA,NA,NA,NA
Philippines,2023,1A1A1,Coal,NA,NA,NA,NA,NA
Philippines,2023,1A1A1,Natural gas,NA,NA,NA,NA,NA
Philippines,2023,1A1A1,Oil,NA,NA,NA,NA,NA
Philippines,2023,1A1A2,Coal,NA,NA,NA,NA,NA
Philippines,2023,1A1A2,Natural gas,NA,NA,NA,NA,NA
Philippines,2023,1A1A2,Oil,NA,NA,NA,NA,NA
Philippines,2023,1A1A3,Coal,NA,NA,NA,NA,NA
Philippines,2023,1A1A3,Natural gas,NA,NA,NA,NA,NA
Philippines,2023,1A1A3,Oil,NA,NA,NA,NA,NA
Philippines,2023,1A1B,Coal,NA,NA,NA,NA,NA
Philippines,2023,1A1B,Natural gas,NA,NA,NA,NA,NA
Philippines,2023,1A1B,Oil,NA,NA,NA,NA,NA
Philippines,2023,1A1C,Coal,NA,NA,NA,NA,NA
Philippines,2023,1A1C,Natural gas,NA,NA,NA,NA,NA
Philippines,2023,1A1C,Oil,NA,NA,NA,NA,NA
Philippines,2023,1A2,Coal,NA,NA,NA,NA,NA
Philippines,2023,1A2,Natural gas,NA,NA,NA,NA,NA
Philippines,2023,1A2,Oil,NA,NA,NA,NA,NA
Philippines,2023,1A2A,Coal,NA,NA,NA,NA,NA
Philippines,2023,1A2A,Natural gas,NA,NA,NA,NA,NA
Philippines,2023,1A2A,Oil,NA,NA,NA,NA,NA
Philippines,2023,1A2B,Coal,NA,NA,NA,NA,NA
Philippines,2023,1A2B,Natural gas,NA,NA,NA,NA,NA
Philippines,2023,1A2B,Oil,NA,NA,NA,NA,NA
Philippines,2023,1A2C,Coal,NA,NA,NA,NA,NA
Philippines,2023,1A2C,Natural gas,NA,NA,NA,NA,NA
Philippines,2023,1A2C,Oil,NA,NA,NA,NA,NA
Philippines,2023,1A2D,Coal,NA,NA,NA,NA,NA
Philippines,2023,1A2D,Natural gas,NA,NA,NA,NA,NA
Philippines,2023,1A2D,Oil,NA,NA,NA,NA,NA
Philippines,2023,1A2E,Coal,NA,NA,NA,NA,NA
Philippines,2023,1A2E,Natural gas,NA,NA,NA,NA,NA
Philippines,2023,1A2E,Oil,NA,NA,NA,NA,NA
Philippines,2023,1A2F,Coal,NA,NA,NA,NA,NA
Philippines,2023,1A2F,Natural gas,NA,NA,NA,NA,NA
Philippines,2023,1A2F,Oil,NA,NA,NA,NA,NA
Philippines,2023,1A2G,Coal,NA,NA,NA,NA,NA
Philippines,2023,1A2G,Natural gas,NA,NA,NA,NA,NA
Philippines,2023,1A2G,Oil,NA,NA,NA,NA,NA
Philippines,2023,1A2H,Coal,NA,NA,NA,NA,NA
Philippines,2023,1A2H,Natural gas,NA,NA,NA,NA,NA
Philippines,2023,1A2H,Oil,NA,NA,NA,NA,NA
Philippines,2023,1A2I,Coal,NA,NA,NA,NA,NA
Philippines,2023,1A2I,Natural gas,NA,NA,NA,NA,NA
Philippines,2023,1A2I,Oil,NA,NA,NA,NA,NA
Philippines,2023,1A2J,Coal,NA,NA,NA,NA,NA
Philippines,2023,1A2J,Natural gas,NA,NA,NA,NA,NA
Philippines,2023,1A2J,Oil,NA,NA,NA,NA,NA
Philippines,2023,1A2K,Coal,NA,NA,NA,NA,NA
Philippines,2023,1A2K,Natural gas,NA,NA,NA,NA,NA
Philippines,2023,1A2K,Oil,NA,NA,NA,NA,NA
Philippines,2023,1A2L,Coal,NA,NA,NA,NA,NA
Philippines,2023,1A2L,Natural gas,NA,NA,NA,NA,NA
Philippines,2023,1A2L,Oil,NA,NA,NA,NA,NA
Philippines,2023,1A2M,Coal,NA,NA,NA,NA,NA
Philippines,2023,1A2M,Natural gas,NA,NA,NA,NA,NA
Philippines,2023,1A2M,Oil,NA,NA,NA,NA,NA
Philippines,2023,1A3,Coal,NA,NA,NA,NA,NA
Philippines,2023,1A3,Natural gas,NA,NA,NA,NA,NA
Philippines,2023,1A3,Oil,NA,NA,NA,NA,NA
Philippines,2023,1A3A,Coal,NA,NA,NA,NA,NA
Philippines,2023,1A3A,Natural gas,NA,NA,NA,NA,NA
Philippines,2023,1A3A,Oil,NA,NA,NA,NA,NA
Philippines,2023,1A3A1,Coal,NA,NA,NA,NA,NA
Philippines,2023,1A3A1,Natural gas,NA,NA,NA,NA,NA
Philippines,2023,1A3A1,Oil,NA,NA,NA,NA,NA
Philippines,2023,1A3A2,Coal,NA,NA,NA,NA,NA
Philippines,2023,1A3A2,Natural gas,NA,NA,NA,NA,NA
Philippines,2023,1A3A2,Oil,NA,NA,NA,NA,NA
Philippines,2023,1A3B,Coal,NA,NA,NA,NA,NA
Philippines,2023,1A3B,Natural gas,NA,NA,NA,NA,NA
Philippines,2023,1A3B,Oil,NA,NA,NA,NA,NA
Philippines,2023,1A3C,Coal,NA,NA,NA,NA,NA
Philippines,2023,1A3C,Natural gas,NA,NA,NA,NA,NA
Philippines,2023,1A3C,Oil,NA,NA,NA,NA,NA
Philippines,2023,1A3D,Coal,NA,NA,NA,NA,NA
Philippines,2023,1A3D,Natural gas,NA,NA,NA,NA,NA
Philippines,2023,1A3D,Oil,NA,NA,NA,NA,NA
Philippines,2023,1A3D1,Coal,NA,NA,NA,NA,NA
Philippines,2023,1A3D1,Natural gas,NA,NA,NA,NA,NA
Philippines,2023,1A3D1,Oil,NA,NA,NA,NA,NA
Philippines,2023,1A3D2,Coal,NA,NA,NA,NA,NA
Philippines,2023,1A3D2,Natural gas,NA,NA,NA,NA,NA
Philippines,2023,1A3D2,Oil,NA,NA,NA,NA,NA
Philippines,2023,1A3E,Coal,NA,NA,NA,NA,NA
Philippines,2023,1A3E,Natural gas,NA,NA,NA,NA,NA
Philippines,2023,1A3E,Oil,NA,NA,NA,NA,NA
Philippines,2023,1A3E1,Coal,NA,NA,NA,NA,NA
Philippines,2023,1A3E1,Natural gas,NA,NA,NA,NA,NA
Philippines,2023,1A3E1,Oil,NA,NA,NA,NA,NA
Philippines,2023,1A4,Coal,NA,NA,NA,NA,NA
Philippines,2023,1A4,Natural gas,NA,NA,NA,NA,NA
Philippines,2023,1A4,Oil,NA,NA,NA,NA,NA
Philippines,2023,1A4A,Coal,NA,NA,NA,NA,NA
Philippines,2023,1A4A,Natural gas,NA,NA,NA,NA,NA
Philippines,2023,1A4A,Oil,NA,NA,NA,NA,NA
Philippines,2023,1A4B,Coal,NA,NA,NA,NA,NA
Philippines,2023,1A4B,Natural gas,NA,NA,NA,NA,NA
Philippines,2023,1A4B,Oil,NA,NA,NA,NA,NA
Philippines,2023,1A4C,Coal,NA,NA,NA,NA,NA
Philippines,2023,1A4C,Natural gas,NA,NA,NA,NA,NA
Philippines,2023,1A4C,Oil,NA,NA,NA,NA,NA
Philippines,2023,1A4C1,Coal,NA,NA,NA,NA,NA
Philippines,2023,1A4C1,Natural gas,NA,NA,NA,NA,NA
Philippines,2023,1A4C1,Oil,NA,NA,NA,NA,NA
Philippines,2023,1A4C2,Coal,NA,NA,NA,NA,NA
Philippines,2023,1A4C2,Natural gas,NA,NA,NA,NA,NA
Philippines,2023,1A4C2,Oil,NA,NA,NA,NA,NA
Philippines,2023,1A4C3,Coal,NA,NA,NA,NA,NA
Philippines,2023,1A4C3,Natural gas,NA,NA,NA,NA,NA
Philippines,2023,1A4C3,Oil,NA,NA,NA,NA,NA
Philippines,2023,1A5,Coal,NA,NA,NA,NA,NA
Philippines,2023,1A5,Natural gas,NA,NA,NA,NA,NA
Philippines,2023,1A5,Oil,NA,NA,NA,NA,NA
Philippines,2023,1A5A,Coal,NA,NA,NA,NA,NA
Philippines,2023,1A5A,Natural gas,NA,NA,NA,NA,NA
Philippines,2023,1A5A,Oil,NA,NA,NA,NA,NA
Philippines,2023,1A5B,Coal,NA,NA,NA,NA,NA
Philippines,2023,1A5B,Natural gas,NA,NA,NA,NA,NA
Philippines,2023,1A5B,Oil,NA,NA,NA,NA,NA
Philippines,2023,1A5C,Coal,NA,NA,NA,NA,NA
Philippines,2023,1A5C,Natural gas,NA,NA,NA,NA,NA
Philippines,2023,1A5C,Oil,NA,NA,NA,NA,NA
Philippines,2023,1B,NA,NA,NA,NA,NA,NA
Philippines,2023,1B1,NA,NA,NA,NA,NA,NA
Philippines,2023,1B1A,NA,NA,NA,NA,NA,NA
Philippines,2023,1B1A1,NA,NA,NA,NA,NA,NA
Philippines,2023,1B1A11,NA,NA,NA,NA,NA,NA
Philippines,2023,1B1A12,NA,NA,NA,NA,NA,NA
Philippines,2023,1B1A13,NA,NA,NA,NA,NA,NA
Philippines,2023,1B1A14,NA,NA,NA,NA,NA,NA
Philippines,2023,1B1A2,NA,NA,NA,NA,NA,NA
Philippines,2023,1B1A21,NA,NA,NA,NA,NA,NA
Philippines,2023,1B1A22,NA,NA,NA,NA,NA,NA
Philippines,2023,1B1B,NA,NA,NA,NA,NA,NA
Philippines,2023,1B2,NA,NA,NA,NA,NA,NA
Philippines,2023,1B2A,NA,NA,NA,NA,NA,NA
Philippines,2023,1B2A1,NA,NA,NA,NA,NA,NA
Philippines,2023,1B2A2,NA,NA,NA,NA,NA,NA
Philippines,2023,1B2A3,NA,NA,NA,NA,NA,NA
Philippines,2023,1B2A31,NA,NA,NA,NA,NA,NA
Philippines,2023,1B2A32,NA,NA,NA,NA,NA,NA
Philippines,2023,1B2A33,NA,NA,NA,NA,NA,NA
Philippines,2023,1B2A34,NA,NA,NA,NA,NA,NA
Philippines,2023,1B2A35,NA,NA,NA,NA,NA,NA
Philippines,2023,1B2A36,NA,NA,NA,NA,NA,NA
Philippines,2023,1B2B,NA,NA,NA,NA,NA,NA
Philippines,2023,1B2B1,NA,NA,NA,NA,NA,NA
Philippines,2023,1B2B2,NA,NA,NA,NA,NA,NA
Philippines,2023,1B2B3,NA,NA,NA,NA,NA,NA
Philippines,2023,1B2B31,NA,NA,NA,NA,NA,NA
Philippines,2023,1B2B32,NA,NA,NA,NA,NA,NA
Philippines,2023,1B2B33,NA,NA,NA,NA,NA,NA
Philippines,2023,1B2B34,NA,NA,NA,NA,NA,NA
Philippines,2023,1B2B35,NA,NA,NA,NA,NA,NA
Philippines,2023,1B2B36,NA,NA,NA,NA,NA,NA
Philippines,2023,1B3,NA,NA,NA,NA,NA,NA
Philippines,2023,1C,NA,NA,NA,NA,NA,NA
Philippines,2023,1C1,NA,NA,NA,NA,NA,NA
Philippines,2023,1C1A,NA,NA,NA,NA,NA,NA
Philippines,2023,1C1B,NA,NA,NA,NA,NA,NA
Philippines,2023,1C1C,NA,NA,NA,NA,NA,NA
Philippines,2023,1C2,NA,NA,NA,NA,NA,NA
Philippines,2023,1C2A,NA,NA,NA,NA,NA,NA
Philippines,2023,1C2B,NA,NA,NA,NA,NA,NA
Philippines,2023,1C3,NA,NA,NA,NA,NA,NA
Philippines,2023,2A,NA,NA,NA,NA,NA,NA
Philippines,2023,2A1,NA,NA,NA,NA,NA,NA
Philippines,2023,2A2,NA,NA,NA,NA,NA,NA
Philippines,2023,2A3,NA,NA,NA,NA,NA,NA
Philippines,2023,2A4,NA,NA,NA,NA,NA,NA
Philippines,2023,2A4A,NA,NA,NA,NA,NA,NA
Philippines,2023,2A4B,NA,NA,NA,NA,NA,NA
Philippines,2023,2A4C,NA,NA,NA,NA,NA,NA
Philippines,2023,2A4D,NA,NA,NA,NA,NA,NA
Philippines,2023,2B,NA,NA,NA,NA,NA,NA
Philippines,2023,2B1,NA,NA,NA,NA,NA,NA
Philippines,2023,2B10,NA,NA,NA,NA,NA,NA
Philippines,2023,2B2,NA,NA,NA,NA,NA,NA
Philippines,2023,2B3,NA,NA,NA,NA,NA,NA
Philippines,2023,2B4,NA,NA,NA,NA,NA,NA
Philippines,2023,2B5,NA,NA,NA,NA,NA,NA
Philippines,2023,2B6,NA,NA,NA,NA,NA,NA
Philippines,2023,2B7,NA,NA,NA,NA,NA,NA
Philippines,2023,2B8,NA,NA,NA,NA,NA,NA
Philippines,2023,2B8A,NA,NA,NA,NA,NA,NA
Philippines,2023,2B8B,NA,NA,NA,NA,NA,NA
Philippines,2023,2B8C,NA,NA,NA,NA,NA,NA
Philippines,2023,2B8D,NA,NA,NA,NA,NA,NA
Philippines,2023,2B8E,NA,NA,NA,NA,NA,NA
Philippines,2023,2B8F,NA,NA,NA,NA,NA,NA
Philippines,2023,2B9,NA,NA,NA,NA,NA,NA
Philippines,2023,2B9A,NA,NA,NA,NA,NA,NA
Philippines,2023,2B9B,NA,NA,NA,NA,NA,NA
Philippines,2023,2C,NA,NA,NA,NA,NA,NA
Philippines,2023,2C1,NA,NA,NA,NA,NA,NA
Philippines,2023,2C2,NA,NA,NA,NA,NA,NA
Philippines,2023,2C3,NA,NA,NA,NA,NA,NA
Philippines,2023,2C4,NA,NA,NA,NA,NA,NA
Philippines,2023,2C5,NA,NA,NA,NA,NA,NA
Philippines,2023,2C6,NA,NA,NA,NA,NA,NA
Philippines,2023,2C7,NA,NA,NA,NA,NA,NA
Philippines,2023,2D,NA,NA,NA,NA,NA,NA
Philippines,2023,2D1,NA,NA,NA,NA,NA,NA
Philippines,2023,2D2,NA,NA,NA,NA,NA,NA
Philippines,2023,2D3,NA,NA,NA,NA,NA,NA
Philippines,2023,2D4,NA,NA,NA,NA,NA,NA
Philippines,2023,2E,NA,NA,NA,NA,NA,NA
Philippines,2023,2E1,NA,NA,NA,NA,NA,NA
Philippines,2023,2E2,NA,NA,NA,NA,NA,NA
Philippines,2023,2E3,NA,NA,NA,NA,NA,NA
Philippines,2023,2E4,NA,NA,NA,NA,NA,NA
Philippines,2023,2E5,NA,NA,NA,NA,NA,NA
Philippines,2023,2F,NA,NA,NA,NA,NA,NA
Philippines,2023,2F1,NA,NA,NA,NA,NA,NA
Philippines,2023,2F2,NA,NA,NA,NA,NA,NA
Philippines,2023,2F3,NA,NA,NA,NA,NA,NA
Philippines,2023,2F4,NA,NA,NA,NA,NA,NA
Philippines,2023,2F5,NA,NA,NA,NA,NA,NA
Philippines,2023,2F6,NA,NA,NA,NA,NA,NA
Philippines,2023,2G,NA,NA,NA,NA,NA,NA
Philippines,2023,2G1,NA,NA,NA,NA,NA,NA
Philippines,2023,2G2,NA,NA,NA,NA,NA,NA
Philippines,2023,2G3,NA,NA,NA,NA,NA,NA
Philippines,2023,2G4,NA,NA,NA,NA,NA,NA
Philippines,2023,2H,NA,NA,NA,NA,NA,NA
Philippines,2023,2H1,NA,NA,NA,NA,NA,NA
Philippines,2023,2H2,NA,NA,NA,NA,NA,NA
Philippines,2023,2H3,NA,NA,NA,NA,NA,NA
Philippines,2023,3A,NA,NA,NA,NA,NA,NA
Philippines,2023,3A1,NA,NA,NA,NA,NA,NA
Philippines,2023,3A2,NA,NA,NA,NA,NA,NA
Philippines,2023,3B,NA,NA,NA,NA,NA,NA
Philippines,2023,3B1,NA,NA,NA,NA,NA,NA
Philippines,2023,3B1A,NA,NA,NA,NA,NA,NA
Philippines,2023,3B1B,NA,NA,NA,NA,NA,NA
Philippines,2023,3B2,NA,NA,NA,NA,NA,NA
Philippines,2023,3B2A,NA,NA,NA,NA,NA,NA
Philippines,2023,3B2B,NA,NA,NA,NA,NA,NA
Philippines,2023,3B3,NA,NA,NA,NA,NA,NA
Philippines,2023,3B3A,NA,NA,NA,NA,NA,NA
Philippines,2023,3B3B,NA,NA,NA,NA,NA,NA
Philippines,2023,3B4,NA,NA,NA,NA,NA,NA
Philippines,2023,3B4A,NA,NA,NA,NA,NA,NA
Philippines,2023,3B4B,NA,NA,NA,NA,NA,NA
Philippines,2023,3B5,NA,NA,NA,NA,NA,NA
Philippines,2023,3B5A,NA,NA,NA,NA,NA,NA
Philippines,2023,3B5B,NA,NA,NA,NA,NA,NA
Philippines,2023,3B6,NA,NA,NA,NA,NA,NA
Philippines,2023,3B6A,NA,NA,NA,NA,NA,NA
Philippines,2023,3B6B,NA,NA,NA,NA,NA,NA
Philippines,2023,3B6B1,NA,NA,NA,NA,NA,NA
Philippines,2023,3B6B2,NA,NA,NA,NA,NA,NA
Philippines,2023,3B6B3,NA,NA,NA,NA,NA,NA
Philippines,2023,3B6B4,NA,NA,NA,NA,NA,NA
Philippines,2023,3B6B5,NA,NA,NA,NA,NA,NA
Philippines,2023,3C,NA,NA,NA,NA,NA,NA
Philippines,2023,3C1,NA,NA,NA,NA,NA,NA
Philippines,2023,3C2,NA,NA,NA,NA,NA,NA
Philippines,2023,3C3,NA,NA,NA,NA,NA,NA
Philippines,2023,3C4,NA,NA,NA,NA,NA,NA
Philippines,2023,3C5,NA,NA,NA,NA,NA,NA
Philippines,2023,3C6,NA,NA,NA,NA,NA,NA
Philippines,2023,3C7,NA,NA,NA,NA,NA,NA
Philippines,2023,3C8,NA,NA,NA,NA,NA,NA
Philippines,2023,3D,NA,NA,NA,NA,NA,NA
Philippines,2023,3D1,NA,NA,NA,NA,NA,NA
Philippines,2023,3D2,NA,NA,NA,NA,NA,NA
Philippines,2023,4A,NA,NA,NA,NA,NA,NA
Philippines,2023,4A1,NA,NA,NA,NA,NA,NA
Philippines,2023,4A2,NA,NA,NA,NA,NA,NA
Philippines,2023,4A3,NA,NA,NA,NA,NA,NA
Philippines,2023,4B,NA,NA,NA,NA,NA,NA
Philippines,2023,4C,NA,NA,NA,NA,NA,NA
Philippines,2023,4C1,NA,NA,NA,NA,NA,NA
Philippines,2023,4C2,NA,NA,NA,NA,NA,NA
Philippines,2023,4D,NA,NA,NA,NA,NA,NA
Philippines,2023,4D1,NA,NA,NA,NA,NA,NA
Philippines,2023,4D2,NA,NA,NA,NA,NA,NA
Philippines,2023,4E,NA,NA,NA,NA,NA,NA
Philippines,2023,5A,NA,NA,NA,NA,NA,NA
Philippines,2023,5A1,NA,NA,NA,NA,NA,NA
Philippines,2023,5A2,NA,NA,NA,NA,NA,NA
Philippines,2024,0,NA,NA,NA,NA,NA,NA
Philippines,2024,1,NA,NA,NA,NA,NA,NA
Philippines,2024,2,NA,NA,NA,NA,NA,NA
Philippines,2024,3,NA,NA,NA,NA,NA,NA
Philippines,2024,4,NA,NA,NA,NA,NA,NA
Philippines,2024,5,NA,NA,NA,NA,NA,NA
Philippines,2024,1A,Coal,NA,NA,NA,NA,NA
Philippines,2024,1A,Natural gas,NA,NA,NA,NA,NA
Philippines,2024,1A,Oil,NA,NA,NA,NA,NA
Philippines,2024,1A1,Coal,NA,NA,NA,NA,NA
Philippines,2024,1A1,Natural gas,NA,NA,NA,NA,NA
Philippines,2024,1A1,Oil,NA,NA,NA,NA,NA
Philippines,2024,1A1A,Coal,NA,NA,NA,NA,NA
Philippines,2024,1A1A,Natural gas,NA,NA,NA,NA,NA
Philippines,2024,1A1A,Oil,NA,NA,NA,NA,NA
Philippines,2024,1A1A1,Coal,NA,NA,NA,NA,NA
Philippines,2024,1A1A1,Natural gas,NA,NA,NA,NA,NA
Philippines,2024,1A1A1,Oil,NA,NA,NA,NA,NA
Philippines,2024,1A1A2,Coal,NA,NA,NA,NA,NA
Philippines,2024,1A1A2,Natural gas,NA,NA,NA,NA,NA
Philippines,2024,1A1A2,Oil,NA,NA,NA,NA,NA
Philippines,2024,1A1A3,Coal,NA,NA,NA,NA,NA
Philippines,2024,1A1A3,Natural gas,NA,NA,NA,NA,NA
Philippines,2024,1A1A3,Oil,NA,NA,NA,NA,NA
Philippines,2024,1A1B,Coal,NA,NA,NA,NA,NA
Philippines,2024,1A1B,Natural gas,NA,NA,NA,NA,NA
Philippines,2024,1A1B,Oil,NA,NA,NA,NA,NA
Philippines,2024,1A1C,Coal,NA,NA,NA,NA,NA
Philippines,2024,1A1C,Natural gas,NA,NA,NA,NA,NA
Philippines,2024,1A1C,Oil,NA,NA,NA,NA,NA
Philippines,2024,1A2,Coal,NA,NA,NA,NA,NA
Philippines,2024,1A2,Natural gas,NA,NA,NA,NA,NA
Philippines,2024,1A2,Oil,NA,NA,NA,NA,NA
Philippines,2024,1A2A,Coal,NA,NA,NA,NA,NA
Philippines,2024,1A2A,Natural gas,NA,NA,NA,NA,NA
Philippines,2024,1A2A,Oil,NA,NA,NA,NA,NA
Philippines,2024,1A2B,Coal,NA,NA,NA,NA,NA
Philippines,2024,1A2B,Natural gas,NA,NA,NA,NA,NA
Philippines,2024,1A2B,Oil,NA,NA,NA,NA,NA
Philippines,2024,1A2C,Coal,NA,NA,NA,NA,NA
Philippines,2024,1A2C,Natural gas,NA,NA,NA,NA,NA
Philippines,2024,1A2C,Oil,NA,NA,NA,NA,NA
Philippines,2024,1A2D,Coal,NA,NA,NA,NA,NA
Philippines,2024,1A2D,Natural gas,NA,NA,NA,NA,NA
Philippines,2024,1A2D,Oil,NA,NA,NA,NA,NA
Philippines,2024,1A2E,Coal,NA,NA,NA,NA,NA
Philippines,2024,1A2E,Natural gas,NA,NA,NA,NA,NA
Philippines,2024,1A2E,Oil,NA,NA,NA,NA,NA
Philippines,2024,1A2F,Coal,NA,NA,NA,NA,NA
Philippines,2024,1A2F,Natural gas,NA,NA,NA,NA,NA
Philippines,2024,1A2F,Oil,NA,NA,NA,NA,NA
Philippines,2024,1A2G,Coal,NA,NA,NA,NA,NA
Philippines,2024,1A2G,Natural gas,NA,NA,NA,NA,NA
Philippines,2024,1A2G,Oil,NA,NA,NA,NA,NA
Philippines,2024,1A2H,Coal,NA,NA,NA,NA,NA
Philippines,2024,1A2H,Natural gas,NA,NA,NA,NA,NA
Philippines,2024,1A2H,Oil,NA,NA,NA,NA,NA
Philippines,2024,1A2I,Coal,NA,NA,NA,NA,NA
Philippines,2024,1A2I,Natural gas,NA,NA,NA,NA,NA
Philippines,2024,1A2I,Oil,NA,NA,NA,NA,NA
Philippines,2024,1A2J,Coal,NA,NA,NA,NA,NA
Philippines,2024,1A2J,Natural gas,NA,NA,NA,NA,NA
Philippines,2024,1A2J,Oil,NA,NA,NA,NA,NA
Philippines,2024,1A2K,Coal,NA,NA,NA,NA,NA
Philippines,2024,1A2K,Natural gas,NA,NA,NA,NA,NA
Philippines,2024,1A2K,Oil,NA,NA,NA,NA,NA
Philippines,2024,1A2L,Coal,NA,NA,NA,NA,NA
Philippines,2024,1A2L,Natural gas,NA,NA,NA,NA,NA
Philippines,2024,1A2L,Oil,NA,NA,NA,NA,NA
Philippines,2024,1A2M,Coal,NA,NA,NA,NA,NA
Philippines,2024,1A2M,Natural gas,NA,NA,NA,NA,NA
Philippines,2024,1A2M,Oil,NA,NA,NA,NA,NA
Philippines,2024,1A3,Coal,NA,NA,NA,NA,NA
Philippines,2024,1A3,Natural gas,NA,NA,NA,NA,NA
Philippines,2024,1A3,Oil,NA,NA,NA,NA,NA
Philippines,2024,1A3A,Coal,NA,NA,NA,NA,NA
Philippines,2024,1A3A,Natural gas,NA,NA,NA,NA,NA
Philippines,2024,1A3A,Oil,NA,NA,NA,NA,NA
Philippines,2024,1A3A1,Coal,NA,NA,NA,NA,NA
Philippines,2024,1A3A1,Natural gas,NA,NA,NA,NA,NA
Philippines,2024,1A3A1,Oil,NA,NA,NA,NA,NA
Philippines,2024,1A3A2,Coal,NA,NA,NA,NA,NA
Philippines,2024,1A3A2,Natural gas,NA,NA,NA,NA,NA
Philippines,2024,1A3A2,Oil,NA,NA,NA,NA,NA
Philippines,2024,1A3B,Coal,NA,NA,NA,NA,NA
Philippines,2024,1A3B,Natural gas,NA,NA,NA,NA,NA
Philippines,2024,1A3B,Oil,NA,NA,NA,NA,NA
Philippines,2024,1A3C,Coal,NA,NA,NA,NA,NA
Philippines,2024,1A3C,Natural gas,NA,NA,NA,NA,NA
Philippines,2024,1A3C,Oil,NA,NA,NA,NA,NA
Philippines,2024,1A3D,Coal,NA,NA,NA,NA,NA
Philippines,2024,1A3D,Natural gas,NA,NA,NA,NA,NA
Philippines,2024,1A3D,Oil,NA,NA,NA,NA,NA
Philippines,2024,1A3D1,Coal,NA,NA,NA,NA,NA
Philippines,2024,1A3D1,Natural gas,NA,NA,NA,NA,NA
Philippines,2024,1A3D1,Oil,NA,NA,NA,NA,NA
Philippines,2024,1A3D2,Coal,NA,NA,NA,NA,NA
Philippines,2024,1A3D2,Natural gas,NA,NA,NA,NA,NA
Philippines,2024,1A3D2,Oil,NA,NA,NA,NA,NA
Philippines,2024,1A3E,Coal,NA,NA,NA,NA,NA
Philippines,2024,1A3E,Natural gas,NA,NA,NA,NA,NA
Philippines,2024,1A3E,Oil,NA,NA,NA,NA,NA
Philippines,2024,1A3E1,Coal,NA,NA,NA,NA,NA
Philippines,2024,1A3E1,Natural gas,NA,NA,NA,NA,NA
Philippines,2024,1A3E1,Oil,NA,NA,NA,NA,NA
Philippines,2024,1A4,Coal,NA,NA,NA,NA,NA
Philippines,2024,1A4,Natural gas,NA,NA,NA,NA,NA
Philippines,2024,1A4,Oil,NA,NA,NA,NA,NA
Philippines,2024,1A4A,Coal,NA,NA,NA,NA,NA
Philippines,2024,1A4A,Natural gas,NA,NA,NA,NA,NA
Philippines,2024,1A4A,Oil,NA,NA,NA,NA,NA
Philippines,2024,1A4B,Coal,NA,NA,NA,NA,NA
Philippines,2024,1A4B,Natural gas,NA,NA,NA,NA,NA
Philippines,2024,1A4B,Oil,NA,NA,NA,NA,NA
Philippines,2024,1A4C,Coal,NA,NA,NA,NA,NA
Philippines,2024,1A4C,Natural gas,NA,NA,NA,NA,NA
Philippines,2024,1A4C,Oil,NA,NA,NA,NA,NA
Philippines,2024,1A4C1,Coal,NA,NA,NA,NA,NA
Philippines,2024,1A4C1,Natural gas,NA,NA,NA,NA,NA
Philippines,2024,1A4C1,Oil,NA,NA,NA,NA,NA
Philippines,2024,1A4C2,Coal,NA,NA,NA,NA,NA
Philippines,2024,1A4C2,Natural gas,NA,NA,NA,NA,NA
Philippines,2024,1A4C2,Oil,NA,NA,NA,NA,NA
Philippines,2024,1A4C3,Coal,NA,NA,NA,NA,NA
Philippines,2024,1A4C3,Natural gas,NA,NA,NA,NA,NA
Philippines,2024,1A4C3,Oil,NA,NA,NA,NA,NA
Philippines,2024,1A5,Coal,NA,NA,NA,NA,NA
Philippines,2024,1A5,Natural gas,NA,NA,NA,NA,NA
Philippines,2024,1A5,Oil,NA,NA,NA,NA,NA
Philippines,2024,1A5A,Coal,NA,NA,NA,NA,NA
Philippines,2024,1A5A,Natural gas,NA,NA,NA,NA,NA
Philippines,2024,1A5A,Oil,NA,NA,NA,NA,NA
Philippines,2024,1A5B,Coal,NA,NA,NA,NA,NA
Philippines,2024,1A5B,Natural gas,NA,NA,NA,NA,NA
Philippines,2024,1A5B,Oil,NA,NA,NA,NA,NA
Philippines,2024,1A5C,Coal,NA,NA,NA,NA,NA
Philippines,2024,1A5C,Natural gas,NA,NA,NA,NA,NA
Philippines,2024,1A5C,Oil,NA,NA,NA,NA,NA
Philippines,2024,1B,NA,NA,NA,NA,NA,NA
Philippines,2024,1B1,NA,NA,NA,NA,NA,NA
Philippines,2024,1B1A,NA,NA,NA,NA,NA,NA
Philippines,2024,1B1A1,NA,NA,NA,NA,NA,NA
Philippines,2024,1B1A11,NA,NA,NA,NA,NA,NA
Philippines,2024,1B1A12,NA,NA,NA,NA,NA,NA
Philippines,2024,1B1A13,NA,NA,NA,NA,NA,NA
Philippines,2024,1B1A14,NA,NA,NA,NA,NA,NA
Philippines,2024,1B1A2,NA,NA,NA,NA,NA,NA
Philippines,2024,1B1A21,NA,NA,NA,NA,NA,NA
Philippines,2024,1B1A22,NA,NA,NA,NA,NA,NA
Philippines,2024,1B1B,NA,NA,NA,NA,NA,NA
Philippines,2024,1B2,NA,NA,NA,NA,NA,NA
Philippines,2024,1B2A,NA,NA,NA,NA,NA,NA
Philippines,2024,1B2A1,NA,NA,NA,NA,NA,NA
Philippines,2024,1B2A2,NA,NA,NA,NA,NA,NA
Philippines,2024,1B2A3,NA,NA,NA,NA,NA,NA
Philippines,2024,1B2A31,NA,NA,NA,NA,NA,NA
Philippines,2024,1B2A32,NA,NA,NA,NA,NA,NA
Philippines,2024,1B2A33,NA,NA,NA,NA,NA,NA
Philippines,2024,1B2A34,NA,NA,NA,NA,NA,NA
Philippines,2024,1B2A35,NA,NA,NA,NA,NA,NA
Philippines,2024,1B2A36,NA,NA,NA,NA,NA,NA
Philippines,2024,1B2B,NA,NA,NA,NA,NA,NA
Philippines,2024,1B2B1,NA,NA,NA,NA,NA,NA
Philippines,2024,1B2B2,NA,NA,NA,NA,NA,NA
Philippines,2024,1B2B3,NA,NA,NA,NA,NA,NA
Philippines,2024,1B2B31,NA,NA,NA,NA,NA,NA
Philippines,2024,1B2B32,NA,NA,NA,NA,NA,NA
Philippines,2024,1B2B33,NA,NA,NA,NA,NA,NA
Philippines,2024,1B2B34,NA,NA,NA,NA,NA,NA
Philippines,2024,1B2B35,NA,NA,NA,NA,NA,NA
Philippines,2024,1B2B36,NA,NA,NA,NA,NA,NA
Philippines,2024,1B3,NA,NA,NA,NA,NA,NA
Philippines,2024,1C,NA,NA,NA,NA,NA,NA
Philippines,2024,1C1,NA,NA,NA,NA,NA,NA
Philippines,2024,1C1A,NA,NA,NA,NA,NA,NA
Philippines,2024,1C1B,NA,NA,NA,NA,NA,NA
Philippines,2024,1C1C,NA,NA,NA,NA,NA,NA
Philippines,2024,1C2,NA,NA,NA,NA,NA,NA
Philippines,2024,1C2A,NA,NA,NA,NA,NA,NA
Philippines,2024,1C2B,NA,NA,NA,NA,NA,NA
Philippines,2024,1C3,NA,NA,NA,NA,NA,NA
Philippines,2024,2A,NA,NA,NA,NA,NA,NA
Philippines,2024,2A1,NA,NA,NA,NA,NA,NA
Philippines,2024,2A2,NA,NA,NA,NA,NA,NA
Philippines,2024,2A3,NA,NA,NA,NA,NA,NA
Philippines,2024,2A4,NA,NA,NA,NA,NA,NA
Philippines,2024,2A4A,NA,NA,NA,NA,NA,NA
Philippines,2024,2A4B,NA,NA,NA,NA,NA,NA
Philippines,2024,2A4C,NA,NA,NA,NA,NA,NA
Philippines,2024,2A4D,NA,NA,NA,NA,NA,NA
Philippines,2024,2B,NA,NA,NA,NA,NA,NA
Philippines,2024,2B1,NA,NA,NA,NA,NA,NA
Philippines,2024,2B10,NA,NA,NA,NA,NA,NA
Philippines,2024,2B2,NA,NA,NA,NA,NA,NA
Philippines,2024,2B3,NA,NA,NA,NA,NA,NA
Philippines,2024,2B4,NA,NA,NA,NA,NA,NA
Philippines,2024,2B5,NA,NA,NA,NA,NA,NA
Philippines,2024,2B6,NA,NA,NA,NA,NA,NA
Philippines,2024,2B7,NA,NA,NA,NA,NA,NA
Philippines,2024,2B8,NA,NA,NA,NA,NA,NA
Philippines,2024,2B8A,NA,NA,NA,NA,NA,NA
Philippines,2024,2B8B,NA,NA,NA,NA,NA,NA
Philippines,2024,2B8C,NA,NA,NA,NA,NA,NA
Philippines,2024,2B8D,NA,NA,NA,NA,NA,NA
Philippines,2024,2B8E,NA,NA,NA,NA,NA,NA
Philippines,2024,2B8F,NA,NA,NA,NA,NA,NA
Philippines,2024,2B9,NA,NA,NA,NA,NA,NA
Philippines,2024,2B9A,NA,NA,NA,NA,NA,NA
Philippines,2024,2B9B,NA,NA,NA,NA,NA,NA
Philippines,2024,2C,NA,NA,NA,NA,NA,NA
Philippines,2024,2C1,NA,NA,NA,NA,NA,NA
Philippines,2024,2C2,NA,NA,NA,NA,NA,NA
Philippines,2024,2C3,NA,NA,NA,NA,NA,NA
Philippines,2024,2C4,NA,NA,NA,NA,NA,NA
Philippines,2024,2C5,NA,NA,NA,NA,NA,NA
Philippines,2024,2C6,NA,NA,NA,NA,NA,NA
Philippines,2024,2C7,NA,NA,NA,NA,NA,NA
Philippines,2024,2D,NA,NA,NA,NA,NA,NA
Philippines,2024,2D1,NA,NA,NA,NA,NA,NA
Philippines,2024,2D2,NA,NA,NA,NA,NA,NA
Philippines,2024,2D3,NA,NA,NA,NA,NA,NA
Philippines,2024,2D4,NA,NA,NA,NA,NA,NA
Philippines,2024,2E,NA,NA,NA,NA,NA,NA
Philippines,2024,2E1,NA,NA,NA,NA,NA,NA
Philippines,2024,2E2,NA,NA,NA,NA,NA,NA
Philippines,2024,2E3,NA,NA,NA,NA,NA,NA
Philippines,2024,2E4,NA,NA,NA,NA,NA,NA
Philippines,2024,2E5,NA,NA,NA,NA,NA,NA
Philippines,2024,2F,NA,NA,NA,NA,NA,NA
Philippines,2024,2F1,NA,NA,NA,NA,NA,NA
Philippines,2024,2F2,NA,NA,NA,NA,NA,NA
Philippines,2024,2F3,NA,NA,NA,NA,NA,NA
Philippines,2024,2F4,NA,NA,NA,NA,NA,NA
Philippines,2024,2F5,NA,NA,NA,NA,NA,NA
Philippines,2024,2F6,NA,NA,NA,NA,NA,NA
Philippines,2024,2G,NA,NA,NA,NA,NA,NA
Philippines,2024,2G1,NA,NA,NA,NA,NA,NA
Philippines,2024,2G2,NA,NA,NA,NA,NA,NA
Philippines,2024,2G3,NA,NA,NA,NA,NA,NA
Philippines,2024,2G4,NA,NA,NA,NA,NA,NA
Philippines,2024,2H,NA,NA,NA,NA,NA,NA
Philippines,2024,2H1,NA,NA,NA,NA,NA,NA
Philippines,2024,2H2,NA,NA,NA,NA,NA,NA
Philippines,2024,2H3,NA,NA,NA,NA,NA,NA
Philippines,2024,3A,NA,NA,NA,NA,NA,NA
Philippines,2024,3A1,NA,NA,NA,NA,NA,NA
Philippines,2024,3A2,NA,NA,NA,NA,NA,NA
Philippines,2024,3B,NA,NA,NA,NA,NA,NA
Philippines,2024,3B1,NA,NA,NA,NA,NA,NA
Philippines,2024,3B1A,NA,NA,NA,NA,NA,NA
Philippines,2024,3B1B,NA,NA,NA,NA,NA,NA
Philippines,2024,3B2,NA,NA,NA,NA,NA,NA
Philippines,2024,3B2A,NA,NA,NA,NA,NA,NA
Philippines,2024,3B2B,NA,NA,NA,NA,NA,NA
Philippines,2024,3B3,NA,NA,NA,NA,NA,NA
Philippines,2024,3B3A,NA,NA,NA,NA,NA,NA
Philippines,2024,3B3B,NA,NA,NA,NA,NA,NA
Philippines,2024,3B4,NA,NA,NA,NA,NA,NA
Philippines,2024,3B4A,NA,NA,NA,NA,NA,NA
Philippines,2024,3B4B,NA,NA,NA,NA,NA,NA
Philippines,2024,3B5,NA,NA,NA,NA,NA,NA
Philippines,2024,3B5A,NA,NA,NA,NA,NA,NA
Philippines,2024,3B5B,NA,NA,NA,NA,NA,NA
Philippines,2024,3B6,NA,NA,NA,NA,NA,NA
Philippines,2024,3B6A,NA,NA,NA,NA,NA,NA
Philippines,2024,3B6B,NA,NA,NA,NA,NA,NA
Philippines,2024,3B6B1,NA,NA,NA,NA,NA,NA
Philippines,2024,3B6B2,NA,NA,NA,NA,NA,NA
Philippines,2024,3B6B3,NA,NA,NA,NA,NA,NA
Philippines,2024,3B6B4,NA,NA,NA,NA,NA,NA
Philippines,2024,3B6B5,NA,NA,NA,NA,NA,NA
Philippines,2024,3C,NA,NA,NA,NA,NA,NA
Philippines,2024,3C1,NA,NA,NA,NA,NA,NA
Philippines,2024,3C2,NA,NA,NA,NA,NA,NA
Philippines,2024,3C3,NA,NA,NA,NA,NA,NA
Philippines,2024,3C4,NA,NA,NA,NA,NA,NA
Philippines,2024,3C5,NA,NA,NA,NA,NA,NA
Philippines,2024,3C6,NA,NA,NA,NA,NA,NA
Philippines,2024,3C7,NA,NA,NA,NA,NA,NA
Philippines,2024,3C8,NA,NA,NA,NA,NA,NA
Philippines,2024,3D,NA,NA,NA,NA,NA,NA
Philippines,2024,3D1,NA,NA,NA,NA,NA,NA
Philippines,2024,3D2,NA,NA,NA,NA,NA,NA
Philippines,2024,4A,NA,NA,NA,NA,NA,NA
Philippines,2024,4A1,NA,NA,NA,NA,NA,NA
Philippines,2024,4A2,NA,NA,NA,NA,NA,NA
Philippines,2024,4A3,NA,NA,NA,NA,NA,NA
Philippines,2024,4B,NA,NA,NA,NA,NA,NA
Philippines,2024,4C,NA,NA,NA,NA,NA,NA
Philippines,2024,4C1,NA,NA,NA,NA,NA,NA
Philippines,2024,4C2,NA,NA,NA,NA,NA,NA
Philippines,2024,4D,NA,NA,NA,NA,NA,NA
Philippines,2024,4D1,NA,NA,NA,NA,NA,NA
Philippines,2024,4D2,NA,NA,NA,NA,NA,NA
Philippines,2024,4E,NA,NA,NA,NA,NA,NA
Philippines,2024,5A,NA,NA,NA,NA,NA,NA
Philippines,2024,5A1,NA,NA,NA,NA,NA,NA
Philippines,2024,5A2,NA,NA,NA,NA,NA,NA
